tree
version=v3
num_class=1
num_tree_per_iteration=1
label_index=0
max_feature_idx=1
objective=binary sigmoid:1
feature_names=Column_0 Column_1
feature_infos=[-3.165606139134896:2.890592839574742] [-3.0891592496158431:2.5085750558635693]
tree_sizes=948 934 942 935 943 940 941 934 944 941 847 943 942 840 945 742 948 846 947 947 849 946 948 950 842 950 642 949 946 645 647 644 645 856 858 647 857 852 542 648 541 853 952 953 851 643 646 540 650 860 851 639 640 545 541 742 749 639 753 645 644 648 542 740 751 646 851 647 848 649 854 751 953 644 947 653 754 648 850 751 750 651 647 958 754 749 853 753 750 852 854 751 642 852 643 756 647 748 749 643

Tree=0
num_leaves=8
num_cat=0
split_feature=0 0 1 0 1 1 1
split_gain=110.776 14.0385 11.4931 10.6995 5.03714 0.942987 0.141218
threshold=-0.056196176662901325 0.46833128472923985 0.53412014118307882 -0.55262704267240537 0.41184445923796492 0.30372718005817378 0.9448158253735327
decision_type=2 2 2 2 2 2 2
left_child=2 5 3 -1 -3 -2 -4
right_child=1 4 6 -5 -6 -7 -8
leaf_value=-0.15756339577435249 0.0017082172791068259 0.062125579719397646 -0.23091828669381331 0.005514832798663695 0.13888736174313793 -0.050865372618773136 -0.21091240735214223
leaf_weight=14.995592236518862 10.746841102838514 17.744784146547318 11.99647378921509 5.4983838200569144 16.495151460170746 4.9985307455062857 4.9985307455062857
leaf_count=60 43 71 48 22 66 20 20
internal_value=-0.0342891 0.0631681 -0.164232 -0.113811 0.0991057 -0.0149818 -0.225034
internal_weight=0 49.9853 37.489 20.494 34.2399 15.7454 16.995
internal_count=350 200 150 82 137 63 68
shrinkage=1


Tree=1
num_leaves=8
num_cat=0
split_feature=0 0 1 0 1 1 1
split_gain=90.2523 11.4371 9.58249 8.73444 4.6238 0.71232 0.120926
threshold=-0.056196176662901325 0.44570598971003111 0.53412014118307882 -0.55262704267240537 0.41184445923796492 0.14293447565241127 0.9448158253735327
decision_type=2 2 2 2 2 2 2
left_child=2 5 3 -1 -3 -2 -4
right_child=1 4 6 -5 -6 -7 -8
leaf_value=-0.1116328382708139 0.031408142921349212 0.084445065372350067 -0.17938043077436031 0.03581242357542512 0.15731209013088918 -0.01382085648267355 -0.16076125311151254
leaf_weight=14.907285869121553 9.4999932050704938 18.232883602380753 11.841441392898561 5.4999580383300772 16.670523926615715 5.4969284385442725 4.944804608821868
leaf_count=60 38 73 48 22 67 22 20
internal_value=0 0.0878663 -0.11793 -0.0718949 0.119248 0.01483 -0.173896
internal_weight=0 49.9003 37.1935 20.4072 34.9034 14.9969 16.7862
internal_count=350 200 150 82 140 60 68
shrinkage=0.1


Tree=2
num_leaves=8
num_cat=0
split_feature=0 0 1 0 1 1 1
split_gain=74.1787 9.52429 8.27454 7.3639 3.72004 0.996569 0.111306
threshold=-0.056196176662901325 0.46833128472923985 0.53412014118307882 -1.4020849564734437 0.6625724936459193 -1.0000000180025095e-35 0.9448158253735327
decision_type=2 2 2 2 2 2 2
left_child=2 5 3 -1 -3 -2 -4
right_child=1 4 6 -5 -6 -7 -8
leaf_value=-0.15942888913448514 -0.010108593598947273 0.086188045356557372 -0.16634519490568175 -0.026638393424942682 0.15658835660408021 0.040221069883922822 -0.14825922791545168
leaf_weight=5.8925997018814114 7.7470859736204147 22.546926319599152 11.508804559707643 14.336551666259764 11.251407295465468 7.9936834871768934 4.8312225937843314
leaf_count=24 31 91 48 58 46 32 20
internal_value=0 0.079701 -0.108071 -0.0653193 0.109624 0.0154505 -0.160998
internal_weight=0 49.5391 36.5692 20.2292 33.7983 15.7408 16.34
internal_count=350 200 150 82 137 63 68
shrinkage=0.1


Tree=3
num_leaves=8
num_cat=0
split_feature=0 0 1 0 1 1 1
split_gain=61.2987 7.99135 7.3603 6.74138 3.6378 0.691277 0.10772
threshold=-0.056196176662901325 0.44570598971003111 0.53412014118307882 -0.55262704267240537 0.41184445923796492 0.14293447565241127 0.9448158253735327
decision_type=2 2 2 2 2 2 2
left_child=2 5 3 -1 -3 -2 -4
right_child=1 4 6 -5 -6 -7 -8
leaf_value=-0.095082628407106878 0.028098787468020511 0.068564014802758408 -0.15617805175961164 0.03489666254019512 0.13408753794953676 -0.016454868635330921 -0.1380736603608142
leaf_weight=14.538565814495085 9.4960180819034559 18.011023387312889 11.05523371696472 5.4997033178806332 16.00039567053318 5.4991412609815589 4.676748812198638
leaf_count=60 38 73 48 22 67 22 20
internal_value=0 0.072576 -0.0996013 -0.0594085 0.099389 0.0117597 -0.150796
internal_weight=0 49.0066 35.7703 20.0383 34.0114 14.9952 15.732
internal_count=350 200 150 82 140 60 68
shrinkage=0.1


Tree=4
num_leaves=8
num_cat=0
split_feature=0 0 1 0 1 1 1
split_gain=50.9285 6.78729 6.6473 5.94239 3.0708 0.918308 0.107932
threshold=-0.056196176662901325 0.46833128472923985 0.53412014118307882 -1.4020849564734437 0.6625724936459193 -1.0000000180025095e-35 0.9448158253735327
decision_type=2 2 2 2 2 2 2
left_child=2 5 3 -1 -3 -2 -4
right_child=1 4 6 -5 -6 -7 -8
leaf_value=-0.14139620987450049 -0.012174375163654313 0.071095530948099214 -0.14805509857884341 -0.019761798020555887 0.13667393059230651 0.036155129386813444 -0.12954416271336197
leaf_weight=5.6066958904266349 7.7426632642745972 22.03396412730217 10.522864580154417 14.161355376243593 10.563972920179365 7.9873463660478574 4.4955721497535697
leaf_count=24 31 91 48 58 46 32 20
internal_value=0 0.0663148 -0.0923622 -0.0542602 0.0923474 0.0123663 -0.142514
internal_weight=0 48.3279 34.7865 19.7681 32.5979 15.73 15.0184
internal_count=350 200 150 82 137 63 68
shrinkage=0.1


Tree=5
num_leaves=8
num_cat=0
split_feature=0 0 1 1 1 0 1
split_gain=42.9366 8.3664 11.1007 3.06497 2.50682 2.76371 0.101636
threshold=-0.31423507391479449 0.44570598971003111 0.43616598417087671 0.41184445923796492 0.58703913444193856 -1.4020849564734437 0.9448158253735327
decision_type=2 2 2 2 2 2 2
left_child=4 2 -2 -3 5 -1 -6
right_child=1 3 -4 -5 6 -7 -8
leaf_value=-0.13284320561951682 0.050261906337059237 0.056095670831032819 -0.11122091237685282 0.11763118337663275 -0.14144192029109831 -0.045237825889332346 -0.12223095691411248
leaf_weight=5.3824778795242336 14.485481366515161 17.64630551636219 6.0286218523979178 14.953028902411459 7.6645267456769925 10.880438536405565 4.2983353137969971
leaf_count=24 58 73 26 67 37 45 20
internal_value=0 0.0528375 0.00280583 0.0843215 -0.099792 -0.0742323 -0.134539
internal_weight=0 53.1134 20.5141 32.5993 28.2258 16.2629 11.9629
internal_count=350 224 84 140 126 69 57
shrinkage=0.1


Tree=6
num_leaves=8
num_cat=0
split_feature=0 0 1 1 1 0 1
split_gain=35.9802 7.05873 9.47091 3.39283 2.40961 2.48693 0.105915
threshold=-0.31423507391479449 0.46833128472923985 0.4847154636052648 -0.43589787373681205 0.58703913444193856 -1.4020849564734437 0.9448158253735327
decision_type=2 2 2 2 2 2 2
left_child=4 2 -2 -3 5 -1 -6
right_child=1 3 -4 -5 6 -7 -8
leaf_value=-0.1255617687304485 0.039524138479423952 0.13120344985865731 -0.12195537355135866 0.057957059854364723 -0.13597597011611737 -0.041042124547394324 -0.11582925835815888
leaf_weight=5.1378339529037467 16.438291236758236 8.8380343317985552 4.6622274816036215 22.231506258249283 7.1992936283349973 10.797918364405634 4.0929991006851196
leaf_count=24 66 37 21 100 37 45 20
internal_value=0 0.0484795 0.00384472 0.0787927 -0.0933341 -0.068292 -0.128674
internal_weight=0 52.1701 21.1005 31.0695 27.228 15.9358 11.2923
internal_count=350 224 87 137 126 69 57
shrinkage=0.1


Tree=7
num_leaves=8
num_cat=0
split_feature=0 0 1 1 1 0 1
split_gain=30.1856 5.92895 7.88481 3.02082 2.32749 2.25491 0.111556
threshold=-0.31423507391479449 0.46833128472923985 0.4847154636052648 0.6625724936459193 0.58703913444193856 -1.4020849564734437 0.9448158253735327
decision_type=2 2 2 2 2 2 2
left_child=4 2 -2 -3 5 -1 -6
right_child=1 3 -4 -5 6 -7 -8
leaf_value=-0.1192321714527471 0.035653467340249365 0.051433933449797312 -0.11362566418816618 0.11954247671790114 -0.13140211108722274 -0.037240758514975596 -0.11012085071589697
leaf_weight=4.8827787637710562 16.402473255991939 20.915281385183338 4.511492744088172 9.456452935934065 6.7290835380554181 10.714626654982569 3.8854748010635376
leaf_count=24 66 91 21 46 37 45 20
internal_value=0 0.0444254 0.00345146 0.07264 -0.0874903 -0.0629082 -0.123612
internal_weight=0 51.2857 20.914 30.3717 26.212 15.5974 10.6146
internal_count=350 224 87 137 126 69 57
shrinkage=0.1


Tree=8
num_leaves=8
num_cat=0
split_feature=0 0 1 1 1 0 1
split_gain=25.3853 5.01619 6.73181 3.12454 2.25371 2.05418 0.118295
threshold=-0.31423507391479449 0.46833128472923985 0.43616598417087671 -0.43589787373681205 0.58703913444193856 -1.4020849564734437 0.9448158253735327
decision_type=2 2 2 2 2 2 2
left_child=4 2 -2 -3 5 -1 -6
right_child=1 3 -4 -5 6 -7 -8
leaf_value=-0.11362591272212084 0.037809553635179877 0.11871626735807286 -0.090538079436549679 0.046732299238042722 -0.12753541621573855 -0.033790316568572475 -0.10494551381280702
leaf_weight=4.6247498989105216 15.109884023666384 8.4373232275247592 5.6014982461929312 21.133772939443588 6.2637120336294156 10.632335945963861 3.680097758769989
leaf_count=24 61 37 26 100 37 45 20
internal_value=0 0.0408378 0.00309729 0.067271 -0.0821326 -0.0579902 -0.119175
internal_weight=0 50.2825 20.7114 29.5711 25.2009 15.2571 9.94381
internal_count=350 224 87 137 126 69 57
shrinkage=0.1


Tree=9
num_leaves=8
num_cat=0
split_feature=0 0 1 1 1 0 1
split_gain=21.349 4.21792 5.5685 3.09156 2.18366 1.87604 0.125941
threshold=-0.31423507391479449 0.46833128472923985 0.43616598417087671 0.6625724936459193 0.58703913444193856 -1.4020849564734437 0.9448158253735327
decision_type=2 2 2 2 2 2 2
left_child=4 2 -2 -3 5 -1 -6
right_child=1 3 -4 -5 6 -7 -8
leaf_value=-0.10857524853463829 0.034165111293743673 0.040488797454655757 -0.083738223051118846 0.11164718168487253 -0.12423839249748658 -0.030654561870176296 -0.10018311095855931
leaf_weight=4.3692029714584342 15.052584022283556 20.109231501817707 5.4583363085985175 8.7675475776195508 5.8102368563413602 10.552321761846544 3.4799900650978088
leaf_count=24 61 91 26 46 37 45 20
internal_value=0 0.0374642 0.00278885 0.0620939 -0.0771673 -0.0534707 -0.115228
internal_weight=0 49.3877 20.5109 28.8768 24.2118 14.9215 9.29023
internal_count=350 224 87 137 126 69 57
shrinkage=0.1


Tree=10
num_leaves=7
num_cat=0
split_feature=0 1 1 1 1 1
split_gain=17.9781 3.61379 5.36197 2.11419 1.77194 0.13434
threshold=-0.31423507391479449 -0.91948469980596625 0.70179716740802478 0.58703913444193856 -0.98192063924964701 0.9448158253735327
decision_type=2 2 2 2 2 2
left_child=3 -2 -3 4 -1 -5
right_child=1 2 -4 5 -6 -7
leaf_value=-0.08587746635581861 0.094621169438311545 0.0041026373888101448 0.096485400155780138 -0.12140660134868649 -0.016109304197849946 -0.095742284964363253
leaf_weight=6.9432829469442368 8.2750391960144025 32.348162621259689 7.7969606518745413 5.3735936284065229 7.6522597372531909 3.2873374223709106
leaf_count=35 37 144 43 37 34 20
internal_value=0 0.0344484 0.0220452 -0.0725248 -0.0492989 -0.111665
internal_weight=0 48.4202 40.1451 23.2565 14.5955 8.66093
internal_count=350 224 187 126 69 57
shrinkage=0.1


Tree=11
num_leaves=8
num_cat=0
split_feature=0 1 0 1 1 0 1
split_gain=15.3313 8.64929 4.18628 4.00905 8.79265 0.613574 0.31358
threshold=0.26291607625182373 0.45913759995080461 -0.59028774871126011 0.45913759995080461 -0.64606737056875985 1.0238201433928285 0.9448158253735327
decision_type=2 2 2 2 2 2 2
left_child=1 2 -1 4 -2 -5 -3
right_child=3 6 -4 5 -6 -7 -8
leaf_value=-0.055640636836154569 0.10770215548733303 -0.12877800630787883 0.029420607291884129 0.10626267980027791 -0.02379948917599127 0.060023787772719731 -0.091552821270874718
leaf_weight=11.398500606417654 7.6810832023620614 8.3545054793357831 11.750126257538797 8.4740671813487989 15.041653499007225 4.3393563181161872 3.1036069989204398
leaf_count=57 36 55 48 44 65 25 20
internal_value=0 -0.0476365 -0.012464 0.0458752 0.0206527 0.0906036 -0.118695
internal_weight=0 34.6067 23.1486 35.5362 22.7227 12.8134 11.4581
internal_count=350 180 105 170 101 69 75
shrinkage=0.1


Tree=12
num_leaves=8
num_cat=0
split_feature=0 1 1 1 1 0 1
split_gain=12.8316 7.83622 3.89137 3.48204 7.44802 0.536265 0.308116
threshold=0.26291607625182373 0.45913759995080461 -0.27029012979006356 0.45913759995080461 -0.64606737056875985 1.0238201433928285 0.9448158253735327
decision_type=2 2 2 2 2 2 2
left_child=1 2 -1 4 -2 -5 -3
right_child=3 6 -4 5 -6 -7 -8
leaf_value=-0.0333447002770259 0.10133767979196869 -0.12563734402107274 0.066133881020740165 0.099995575421724492 -0.021291754625903523 0.055970337678074002 -0.087560540453057625
leaf_weight=17.816067069768906 7.3638023734092721 7.7386613562703115 5.0459969043731716 8.1231698393821699 15.127120867371559 4.1959430128335944 2.9297152161598206
leaf_count=84 36 55 21 44 65 25 20
internal_value=0 -0.044412 -0.0113883 0.0422659 0.0188586 0.0850004 -0.115181
internal_weight=0 33.5304 22.8621 34.81 22.4909 12.3191 10.6684
internal_count=350 180 105 170 101 69 75
shrinkage=0.1


Tree=13
num_leaves=7
num_cat=0
split_feature=0 0 1 1 0 0
split_gain=11.164 2.87308 4.7452 1.78839 2.37697 0.867791
threshold=-0.31423507391479449 1.4644856158824948 -1.1234612341210755 -0.67132369900725941 -1.4020849564734437 -1.0508621150599391
decision_type=2 2 2 2 2 2
left_child=3 2 -2 4 -1 -5
right_child=1 -3 -4 5 -6 -7
leaf_value=-0.093245850781331172 0.14274155310261183 0.090595659804592707 0.0078724509886887849 -0.056531806394823907 0.01506573024168956 -0.11001481491204701
leaf_weight=3.2657357454299927 2.8072725385427466 6.2024368941783896 36.885939240455627 5.5901102945208549 5.3380612283945101 6.6341691166162473
leaf_count=21 14 32 178 37 24 44
internal_value=0 0.0273013 0.017411 -0.060974 -0.026046 -0.0855573
internal_weight=0 45.8956 39.6932 20.8281 8.6038 12.2243
internal_count=350 224 192 126 45 81
shrinkage=0.1


Tree=14
num_leaves=8
num_cat=0
split_feature=0 1 1 1 0 1 1
split_gain=9.33982 2.602 2.93571 1.7918 1.88239 0.243626 0.181173
threshold=-0.31423507391479449 0.70179716740802478 -0.91948469980596625 0.58703913444193856 -1.1717922908989917 1.1293921400811677 0.98269292151865761
decision_type=2 2 2 2 2 2 2
left_child=3 2 -2 4 -1 -3 -5
right_child=1 5 -4 6 -6 -7 -8
leaf_value=0.0072066644682730347 0.072501660163181061 0.10103680680269018 0.0017514465893730909 -0.1134940153684255 -0.068045995494970424 0.062898116783737759 -0.079245882475080409
leaf_weight=5.7432177066802987 7.2070325762033454 3.4295987486839286 31.492358908057213 3.9675570279359809 7.8913782536983499 3.2736655324697495 2.5293043553829193
leaf_count=34 37 22 144 38 35 21 19
internal_value=0 0.0248907 0.0149273 -0.0569416 -0.0363478 0.0824111 -0.100161
internal_weight=0 45.4027 38.6994 20.1315 13.6346 6.70326 6.49686
internal_count=350 224 181 126 69 43 57
shrinkage=0.1


Tree=15
num_leaves=6
num_cat=0
split_feature=0 0 0 0 1
split_gain=8.05511 2.94934 3.09058 2.61624 3.3895
threshold=-0.59028774871126011 -0.9408801674338475 -1.4020849564734437 1.4644856158824948 -0.83463743617710817
decision_type=2 2 2 2 2
left_child=1 2 -1 4 -2
right_child=3 -3 -4 -5 -6
leaf_value=-0.086024525335637453 0.083416848026176119 -0.12995492596791233 0.017288178495216425 0.083113350064502128 0.00046518496407158536
leaf_weight=5.8324406445026407 5.6881286054849616 4.5230582356452933 5.750376135110856 5.813202202320098 36.759178429841995
leaf_count=42 28 33 33 32 182
internal_value=0 -0.0614753 -0.0347342 0.0201975 0.0115811
internal_weight=0 16.1059 11.5828 48.2605 42.4473
internal_count=350 108 75 242 210
shrinkage=0.1


Tree=16
num_leaves=8
num_cat=0
split_feature=0 1 1 1 1 0 0
split_gain=7.10861 6.75434 3.30311 4.98612 3.19564 0.586214 0.427046
threshold=0.26291607625182373 0.45913759995080461 0.45913759995080461 -0.64606737056875985 -0.27029012979006356 1.0238201433928285 -1.2673007044707763
decision_type=2 2 2 2 2 2 2
left_child=1 4 3 -2 -1 -4 -3
right_child=2 6 5 -5 -6 -7 -8
leaf_value=-0.025854471965397509 0.083811761759367748 -0.071680559702815075 0.091823797962582443 -0.022197065914766941 0.065421518186161029 0.043558840091026334 -0.12217956726307107
leaf_weight=16.93792395293713 6.2885590493679056 2.2571612745523453 7.574996352195738 15.068362027406693 4.9586116224527386 3.7683528512716293 6.4882169961929304
leaf_count=84 36 19 44 65 21 25 56
internal_value=0 -0.0348556 0.0321799 0.0090173 -0.00518444 0.0757898 -0.109146
internal_weight=0 30.6419 32.7003 21.3569 21.8965 11.3433 8.74538
internal_count=350 180 170 101 105 69 75
shrinkage=0.1


Tree=17
num_leaves=7
num_cat=0
split_feature=0 0 0 0 1 0
split_gain=5.95688 2.89934 6.96649 2.1184 2.7393 0.450311
threshold=-0.59028774871126011 -1.1717922908989917 -1.4020849564734437 1.4644856158824948 -0.83463743617710817 -0.92036109817252243
decision_type=2 2 2 2 2 2
left_child=1 2 -1 4 -2 -3
right_child=3 5 -4 -5 -6 -7
leaf_value=-0.080468744129934627 0.076044146465751639 -0.075624496064771618 0.11649353964893637 0.07604947979753858 -0.00031786418565442657 -0.12654957376130113
leaf_weight=5.3367996960878363 5.3996423780918112 3.310454897582531 2.7064360603690139 5.4258216917514792 36.135993286967278 3.6518846303224555
leaf_count=42 28 21 15 32 182 30
internal_value=0 -0.0550901 -0.0141937 0.0172856 0.00960922 -0.102336
internal_weight=0 15.0056 8.04324 46.9615 41.5356 6.96234
internal_count=350 108 57 242 210 51
shrinkage=0.1


Tree=18
num_leaves=8
num_cat=0
split_feature=0 1 1 1 1 0 0
split_gain=5.29452 5.99536 2.99748 3.8686 2.60746 0.550215 0.498451
threshold=0.26291607625182373 0.45913759995080461 0.45913759995080461 -0.64606737056875985 -0.98192063924964701 1.0238201433928285 -1.3199880157636052
decision_type=2 2 2 2 2 2 2
left_child=1 4 3 -2 -1 -4 -3
right_child=2 6 5 -5 -6 -7 -8
leaf_value=-0.054536368194071261 0.075488083262838346 -0.06117495836023458 0.086484431010851015 -0.02076869871110985 0.020304818985632807 0.038717728287202428 -0.11995588316717609
leaf_weight=6.8329258710145995 5.7714800685644194 1.9047935307025907 7.2579205036163312 15.097454205155373 14.606077641248703 3.6113583594560623 5.9454767480492583
leaf_count=40 36 18 44 65 65 25 57
internal_value=0 -0.0309256 0.0280307 0.00585193 -0.00354817 0.0706138 -0.105693
internal_weight=0 29.2893 31.7382 20.8689 21.439 10.8693 7.85027
internal_count=350 180 170 101 105 69 75
shrinkage=0.1


Tree=19
num_leaves=8
num_cat=0
split_feature=0 1 1 1 1 0 0
split_gain=4.41415 5.39864 2.60755 3.7601 2.39725 0.512917 0.492928
threshold=0.26291607625182373 0.45913759995080461 0.3915147266301236 -0.64606737056875985 -0.27029012979006356 0.68658020143843568 -1.3199880157636052
decision_type=2 2 2 2 2 2 2
left_child=1 4 3 -2 -1 -4 -3
right_child=2 6 5 -5 -6 -7 -8
leaf_value=-0.021610827129632137 0.071202491881559846 -0.057845565364108835 0.03771122494452353 -0.027217182665604401 0.057975430780084131 0.078515858827733154 -0.11795998932661089
leaf_weight=16.389716893434532 5.5202982723712948 1.8176173120737074 5.4066873192787153 13.078453630208971 4.9211552590131751 7.1601867377758026 5.4660403318703166
leaf_count=84 36 18 26 56 21 52 57
internal_value=0 -0.028635 0.0257714 0.00199478 -0.00323259 0.0609603 -0.102959
internal_weight=0 28.5945 31.1656 18.5988 21.3109 12.5669 7.28366
internal_count=350 180 170 92 105 78 75
shrinkage=0.1


Tree=20
num_leaves=7
num_cat=0
split_feature=0 0 0 0 1 1
split_gain=3.83904 2.70393 3.6768 1.60859 2.14803 0.138118
threshold=-0.59028774871126011 -1.0508621150599391 -1.4020849564734437 1.4644856158824948 -0.83463743617710817 -0.64606737056875985
decision_type=2 2 2 2 2 2
left_child=1 2 -1 4 -2 -3
right_child=3 5 -4 -5 -6 -7
leaf_value=-0.073277329260429735 0.068273632683761964 -0.088646088970810041 0.056722372482164288 0.067717907146201087 -0.0015942369429390554 -0.12254293672696095
leaf_weight=4.7459230199456206 5.0335653871297827 2.2393700629472733 4.0171935781836501 4.9328570365905753 34.978732019662857 2.5951227694749823
leaf_count=42 28 12 24 32 182 30
internal_value=0 -0.0468045 -0.0136828 0.0138377 0.00719517 -0.106842
internal_weight=0 13.5976 8.76312 44.9452 40.0123 4.83449
internal_count=350 108 66 242 210 42
shrinkage=0.1


Tree=21
num_leaves=8
num_cat=0
split_feature=0 1 1 1 1 0 0
split_gain=3.28807 3.63579 1.84946 3.13483 1.49488 0.619058 0.457563
threshold=0.3049017555387637 0.51072454691801095 0.3915147266301236 0.10282348516398961 -0.98192063924964701 0.68658020143843568 -1.3199880157636052
decision_type=2 2 2 2 2 2 2
left_child=1 4 3 -2 -1 -4 -3
right_child=2 6 5 -5 -6 -7 -8
leaf_value=-0.047362190633359932 0.029049238192186352 -0.050301237668733192 0.026808660394650314 -0.066310707931326748 0.0093807004542008736 0.07434415790444196 -0.11271298728426365
leaf_weight=6.4248420745134416 12.724799022078519 1.6398626267910001 4.610489293932913 4.7282874733209601 16.739483505487442 6.7516030222177505 4.1409373246133319
leaf_count=40 69 18 23 20 75 52 53
internal_value=0 -0.0240625 0.023656 0.00321488 -0.00635747 0.0550553 -0.0950084
internal_weight=0 28.9451 28.8152 17.4531 23.1643 11.3621 5.7808
internal_count=350 186 164 89 115 75 71
shrinkage=0.1


Tree=22
num_leaves=8
num_cat=0
split_feature=0 0 0 1 1 1 0
split_gain=2.77049 2.55868 4.99856 1.3911 5.82178 3.21375 0.587164
threshold=-0.59028774871126011 -1.1717922908989917 -1.4020849564734437 -0.27029012979006356 -0.67132369900725941 0.10282348516398961 -0.9408801674338475
decision_type=2 2 2 2 2 2 2
left_child=1 2 -1 4 -2 -5 -3
right_child=3 6 -4 5 -6 -7 -8
leaf_value=-0.067957058667786951 0.040680168898714862 -0.056771178040231254 0.10421366865628104 0.081704883357082453 -0.079563839271434844 0.0046918187979081479 -0.12141470329545856
leaf_weight=4.3585654720664024 9.293110631406309 2.6158588118851185 2.7503288090229034 7.4055436849594143 7.1049189120531073 20.195084147155285 3.0357624068856222
leaf_count=42 54 18 15 32 30 126 33
internal_value=0 -0.041273 -0.00134668 0.0116497 -0.011419 0.0253552 -0.0914944
internal_weight=0 12.7605 7.10889 43.9987 16.398 27.6006 5.65162
internal_count=350 108 57 242 84 158 51
shrinkage=0.1


Tree=23
num_leaves=8
num_cat=0
split_feature=0 1 1 1 0 0 1
split_gain=2.51763 3.17034 1.73615 2.7392 1.26853 0.506959 0.449771
threshold=0.3049017555387637 0.51072454691801095 0.30372718005817378 -0.64606737056875985 0.17502052328347792 0.55882880213823261 0.98269292151865761
decision_type=2 2 2 2 2 2 2
left_child=1 4 3 -2 -1 -4 -3
right_child=2 6 5 -5 -6 -7 -8
leaf_value=0.0058574978234226501 0.059504066210268894 -0.11158665935289114 0.076414766173298981 -0.031734288868974364 -0.055049999831655906 0.034092231992491527 -0.047881400959090346
leaf_weight=18.483911804854877 4.8563427552580825 3.5999137461185446 4.1383653730154029 10.205735221505167 4.195662558078765 8.9540978595614416 1.6011987552046774
leaf_count=97 36 52 18 44 18 66 19
internal_value=0 -0.0215587 0.0208349 -0.00231705 -0.00541023 0.0474699 -0.0919746
internal_weight=0 27.8807 28.1545 15.0621 22.6796 13.0925 5.20111
internal_count=350 186 164 80 115 84 71
shrinkage=0.1


Tree=24
num_leaves=7
num_cat=0
split_feature=0 0 1 1 1 1
split_gain=2.17971 2.35107 1.96357 1.17221 4.27887 2.8998
threshold=-0.59028774871126011 -0.9408801674338475 -0.55647997167808705 -0.27029012979006356 -0.67132369900725941 0.10282348516398961
decision_type=2 2 2 2 2 2
left_child=1 2 -1 4 -2 -5
right_child=3 -3 -4 5 -6 -7
leaf_value=0.029395318976633583 0.03505764269317773 -0.119602944782495 -0.062059503330996302 0.07687518132658408 -0.068554672010473189 0.0031017335677271133
leaf_weight=4.943174995481967 8.9554748013615626 2.7191420868039122 4.4711115807294837 7.2957116067409542 7.1822330802679053 19.75519198179245
leaf_count=34 54 33 41 32 30 126
internal_value=0 -0.0376964 -0.0140392 0.0102739 -0.011056 0.0229987
internal_weight=0 12.1334 9.41429 43.1886 16.1377 27.0509
internal_count=350 108 75 242 84 158
shrinkage=0.1


Tree=25
num_leaves=8
num_cat=0
split_feature=0 1 1 1 1 0 0
split_gain=1.96037 3.80717 2.01546 2.37729 1.48056 0.736169 0.520855
threshold=0.26291607625182373 0.45913759995080461 0.30372718005817378 -0.64606737056875985 -0.98192063924964701 -1.6081919967229885 0.55882880213823261
decision_type=2 2 2 2 2 2 2
left_child=1 4 3 -2 -1 -3 -4
right_child=2 5 6 -5 -6 -7 -8
leaf_value=-0.041785144739507216 0.053626368483986456 -0.026320087626222694 0.072105059873742453 -0.03229203862591426 0.017206212077833492 -0.11488281079144438 0.03115067268959161
leaf_weight=6.080242939293389 4.5586435794830313 1.2097754478454588 4.8159113079309455 10.970153823494913 14.168698579072952 4.1870846636593333 8.7431246861815435
leaf_count=40 36 16 21 47 65 59 66
internal_value=0 -0.0203986 0.0175269 -0.00706978 -0.000507394 -0.0950303 0.0456969
internal_weight=0 25.6458 29.0878 15.5288 20.2489 5.39686 13.559
internal_count=350 180 170 83 105 75 87
shrinkage=0.1


Tree=26
num_leaves=5
num_cat=0
split_feature=0 1 0 1
split_gain=1.64182 1.28967 3.60093 1.24311
threshold=-1.4020849564734437 -1.3794994080722998 1.4644856158824948 -0.71835560174938939
decision_type=2 2 2 2
left_child=3 -2 -3 -1
right_child=1 2 -4 -5
leaf_value=-0.11392018348698628 0.066014912222697855 -0.007440437052516455 0.097930001742127903 -0.001586545003684889
leaf_weight=2.1389092653989796 3.2070723101496688 43.245247760787606 3.5061774328351012 1.8262256830930699
leaf_count=20 22 261 25 22
internal_value=0 0.0046701 0.000461941 -0.0621826
internal_weight=0 49.9585 46.7514 3.96513
internal_count=350 308 286 42
shrinkage=0.1


Tree=27
num_leaves=8
num_cat=0
split_feature=0 1 1 1 1 0 0
split_gain=1.45472 3.4559 1.90295 1.36396 1.21489 0.718551 0.644671
threshold=0.26291607625182373 0.45913759995080461 0.45913759995080461 -0.64606737056875985 -0.27029012979006356 -1.6081919967229885 1.0238201433928285
decision_type=2 2 2 2 2 2 2
left_child=1 4 3 -2 -1 -3 -4
right_child=2 5 6 -5 -6 -7 -8
leaf_value=-0.012918978441222957 0.047410307092080009 -0.024118772477785086 0.070709731470436757 -0.016713013868710085 0.045202141298092115 -0.11336367858229748 0.01387863091610987
leaf_weight=15.294067151844505 4.2525192052125975 1.1818355321884153 6.2761575579643232 15.081683918833733 4.7021239548921594 3.8125675301998845 2.9268656447529793
leaf_count=84 36 16 44 65 21 59 25
internal_value=0 -0.0178367 0.0152068 -0.00260922 0.00074826 -0.0922455 0.0526356
internal_weight=0 24.9906 28.5372 19.3342 19.9962 4.9944 9.20302
internal_count=350 180 170 101 105 75 69
shrinkage=0.1


Tree=28
num_leaves=8
num_cat=0
split_feature=0 1 1 1 1 0 0
split_gain=1.26262 1.68283 1.45345 1.11905 1.24816 0.86748 0.182926
threshold=-0.31423507391479449 -0.67132369900725941 -1.216135114756139 0.67860324352889134 0.10282348516398961 -1.0508621150599391 1.0533141783680702
decision_type=2 2 2 2 2 2 2
left_child=1 2 -1 4 -2 -3 -5
right_child=3 5 -4 6 -6 -7 -8
leaf_value=-0.027886764686710711 0.018178523541022697 -0.023584622692482838 0.066945738002854929 0.035242105746609735 -0.021416639853501968 -0.091099701102562214 0.073054384612063858
leaf_weight=3.936543881893158 20.118102990090847 3.7630098424851894 2.7418309673666954 2.7889433950185767 13.175171270966528 3.850322434678672 2.3637840747833252
leaf_count=29 105 37 16 26 72 44 21
internal_value=0 -0.0255908 0.0110471 0.00922131 0.0025095 -0.0577293 0.0525883
internal_weight=0 14.2917 6.67837 38.446 33.2933 7.61333 5.15273
internal_count=350 126 45 224 177 81 47
shrinkage=0.1


Tree=29
num_leaves=5
num_cat=0
split_feature=0 0 0 1
split_gain=1.29072 1.40068 2.65135 1.22132
threshold=-1.4020849564734437 -1.1356331856335389 -0.59028774871126011 -0.71835560174938939
decision_type=2 2 2 2
left_child=3 -2 -3 -1
right_child=1 2 -4 -5
leaf_value=-0.11221750752393078 0.068731984250235287 -0.076028952422669466 0.0073722850604576928 0.0030413266301924599
leaf_weight=1.927991606295109 3.1390545517206183 4.1998725552111855 41.243917755782604 1.7573130503296841
leaf_count=20 18 48 242 22
internal_value=0 0.00412704 -0.000335579 -0.0572571
internal_weight=0 48.5828 45.4438 3.6853
internal_count=350 308 290 42
shrinkage=0.1


Tree=30
num_leaves=5
num_cat=0
split_feature=0 0 0 1
split_gain=1.09941 1.10651 2.25728 0.0332158
threshold=-1.4020849564734437 -1.1356331856335389 -0.59028774871126011 -0.5220779785220564
decision_type=2 2 2 2
left_child=3 -2 -3 -1
right_child=1 2 -4 -5
leaf_value=-0.062487372394175414 0.060464260982733178 -0.072039307075722314 0.0066491101806929178 -0.042855872781613853
leaf_weight=2.0249670520424847 3.2075219191610804 3.999810339882969 41.161318108439445 1.5005029514431942
leaf_count=22 18 48 242 20
internal_value=0 0.00371073 -0.00032013 -0.0541319
internal_weight=0 48.3687 45.1611 3.52547
internal_count=350 308 290 42
shrinkage=0.1


Tree=31
num_leaves=5
num_cat=0
split_feature=0 0 0 1
split_gain=0.966957 0.871939 3.44838 0.345631
threshold=1.6735534916889296 0.9605802541664481 0.70332266727979009 0.18366702538162991
decision_type=2 2 2 2
left_child=1 2 -1 -3
right_child=-2 3 -4 -5
leaf_value=-0.0068472520770856242 0.055480508250226858 -0.013653811602612165 0.095802159567536502 -0.056913339330569496
leaf_weight=37.628638748079538 2.9386941418051711 3.7035933881998053 3.58441587537527 3.6841465160250664
leaf_count=249 23 21 30 27
internal_value=0 -0.00359054 0.00208046 -0.0352266
internal_weight=0 48.6008 41.2131 7.38774
internal_count=350 327 279 48
shrinkage=0.1


Tree=32
num_leaves=5
num_cat=0
split_feature=0 1 0 1
split_gain=0.91387 1.07346 2.22227 0.0306565
threshold=-1.4020849564734437 -1.3247822981887127 1.301073320585356 -0.5220779785220564
decision_type=2 2 2 2
left_child=3 -2 -3 -1
right_child=1 2 -4 -5
leaf_value=-0.058900278614881889 0.058501693914698255 -0.0084045920835396967 0.063817913003882759 -0.039589596663257315
leaf_weight=1.9163549095392229 3.2884995713829985 39.921017203480005 4.7694029733538619 1.4397516325116146
leaf_count=22 25 247 36 20
internal_value=0 0.00336056 -0.00069694 -0.0506161
internal_weight=0 47.9789 44.6904 3.35611
internal_count=350 308 283 42
shrinkage=0.1


Tree=33
num_leaves=7
num_cat=0
split_feature=1 1 1 0 1 0
split_gain=0.895244 2.86911 2.76858 2.36261 1.66079 0.775236
threshold=-0.27029012979006356 -0.14357657938411775 -0.67132369900725941 0.26291607625182373 -0.96170550422750667 -1.0000000180025095e-35
decision_type=2 2 2 2 2 2
left_child=2 -2 4 -3 -1 -4
right_child=1 3 5 -5 -6 -7
leaf_value=-0.012212620793239294 0.091818088929795746 -0.053344885164356343 -0.026687591572818838 0.017374518358310227 0.06155254625501351 -0.084654320795860938
leaf_weight=8.5169042870402318 3.8581026345491436 6.3733666501939323 4.405517503619194 18.254923857748508 4.7569438442587879 4.8438735306262952
leaf_count=71 18 84 22 111 24 20
internal_value=0 0.0116346 -0.015044 -0.000926414 0.0142226 -0.0570446
internal_weight=0 28.4864 22.5232 24.6283 13.2738 9.24939
internal_count=350 213 137 195 95 42
shrinkage=0.1


Tree=34
num_leaves=7
num_cat=0
split_feature=1 1 1 0 1 0
split_gain=0.729323 2.37317 2.24212 1.95953 1.36107 0.609283
threshold=-0.27029012979006356 -0.14357657938411775 -0.67132369900725941 0.26291607625182373 -0.96170550422750667 -1.0000000180025095e-35
decision_type=2 2 2 2 2 2
left_child=2 -2 4 -3 -1 -4
right_child=1 3 5 -5 -6 -7
leaf_value=-0.01099373141409646 0.084219460326383611 -0.049325804877640725 -0.024212511236893063 0.015754082252180595 0.056011648828211316 -0.075617915574498623
leaf_weight=8.5151641741394979 3.7892459928989437 6.2121578361839083 4.3721108585596085 18.126412443816662 4.7074420526623753 4.8783674538135511
leaf_count=71 18 84 22 111 24 20
internal_value=0 0.0106042 -0.0135582 -0.000856858 0.0128612 -0.0513219
internal_weight=0 28.1278 22.4731 24.3386 13.2226 9.25048
internal_count=350 213 137 195 95 42
shrinkage=0.1


Tree=35
num_leaves=5
num_cat=0
split_feature=0 0 0 1
split_gain=0.664844 2.03645 2.4835 0.0161067
threshold=-1.4020849564734437 -1.1717922908989917 -0.59028774871126011 -0.64606737056875985
decision_type=2 2 2 2
left_child=3 -2 -3 -1
right_child=1 2 -4 -5
leaf_value=-0.051502951099230788 0.086139713402024448 -0.075463506215330364 0.0053113109941794337 -0.037015926622916216
leaf_weight=1.7021479532122614 2.7627808488905421 4.205192554742097 40.135077424347401 1.3975724577903736
leaf_count=21 15 51 242 21
internal_value=0 0.00284093 -0.0023493 -0.0449712
internal_weight=0 47.1031 44.3403 3.09972
internal_count=350 308 293 42
shrinkage=0.1


Tree=36
num_leaves=7
num_cat=0
split_feature=1 1 1 0 1 0
split_gain=0.574901 2.0024 1.90965 1.57574 1.03004 0.478615
threshold=-0.27029012979006356 -0.14357657938411775 -0.67132369900725941 0.26291607625182373 -0.96170550422750667 -1.0000000180025095e-35
decision_type=2 2 2 2 2 2
left_child=2 -2 4 -3 -1 -4
right_child=1 3 5 -5 -6 -7
leaf_value=-0.0083946736593712417 0.078065826544008551 -0.045331979046358925 -0.02266908022823285 0.013775756883933316 0.050383813959985396 -0.068346019045860865
leaf_weight=8.3523674011230451 3.6902386993169811 6.0215277001261738 4.3174789398908615 17.96967651695013 4.6363317444920567 4.8946517705917341
leaf_count=71 18 84 22 111 24 20
internal_value=0 0.00948865 -0.0121132 -0.00105963 0.0125864 -0.0469385
internal_weight=0 27.6814 22.2008 23.9912 12.9887 9.21213
internal_count=350 213 137 195 95 42
shrinkage=0.1


Tree=37
num_leaves=7
num_cat=0
split_feature=0 1 1 1 0 1
split_gain=0.557128 1.12823 1.91548 0.907654 1.49621 0.216559
threshold=-0.018434519988850314 -1.3794994080722998 -0.77484857598242141 0.67860324352889134 1.1452627790694738 1.0947550645258091
decision_type=2 2 2 2 2 2
left_child=1 -1 -3 4 -2 -5
right_child=3 2 -4 5 -6 -7
leaf_value=0.054952866982532392 0.012042267909340168 -0.083102836453661955 -0.0029958802950114053 0.071888753539167807 -0.048571880458307813 0.028123759564094332
leaf_weight=2.0784895941615131 22.213428057730205 4.0083367899060258 11.691207703202959 2.1894042417407027 4.986496426165103 2.3380182459950447
leaf_count=17 113 28 111 22 36 23
internal_value=0 -0.0142823 -0.0234484 0.00783059 0.000930023 0.049288
internal_weight=0 17.778 15.6995 31.7273 27.1999 4.52742
internal_count=350 156 139 194 149 45
shrinkage=0.1


Tree=38
num_leaves=4
num_cat=0
split_feature=0 1 0
split_gain=0.578952 1.71914 1.08334
threshold=1.4644856158824948 -1.3794994080722998 1.1290208376015105
decision_type=2 2 2
left_child=1 -1 -3
right_child=-2 2 -4
leaf_value=0.069549451829882633 0.038194432936672643 -0.0035890873960859656 -0.061881489022853814
leaf_weight=3.0361357480287543 3.6566816791892043 39.206204058602452 3.4703771397471419
leaf_count=25 32 270 23
internal_value=0 -0.00315678 -0.00832931
internal_weight=0 45.7127 42.6766
internal_count=350 318 293
shrinkage=0.1


Tree=39
num_leaves=5
num_cat=0
split_feature=0 0 0 1
split_gain=0.537428 0.853648 1.61778 0.0247743
threshold=-1.4020849564734437 -1.0508621150599391 -0.55262704267240537 -0.64606737056875985
decision_type=2 2 2 2
left_child=3 -2 -3 -1
right_child=1 2 -4 -5
leaf_value=-0.0495386000051894 0.047897165659192636 -0.066400061521393314 0.0043459694941351806 -0.031096740669867968
leaf_weight=1.6548112705349924 3.8113370388746253 3.5233956836163989 39.128637067973614 1.3012278825044621
leaf_count=21 24 45 239 21
internal_value=0 0.00255363 -0.00149821 -0.0414206
internal_weight=0 46.4634 42.652 2.95604
internal_count=350 308 284 42
shrinkage=0.1


Tree=40
num_leaves=4
num_cat=0
split_feature=0 1 0
split_gain=0.471398 1.4412 0.859027
threshold=1.4644856158824948 -1.3794994080722998 1.1290208376015105
decision_type=2 2 2
left_child=1 -1 -3
right_child=-2 2 -4
leaf_value=0.063894986976222187 0.035003011583440977 -0.0032603625337445635 -0.054526479357314021
leaf_weight=3.0235834568738928 3.5520459786057463 39.032346223480999 3.567190892994403
leaf_count=25 32 270 23
internal_value=0 -0.00281818 -0.00755327
internal_weight=0 45.6231 42.5995
internal_count=350 318 293
shrinkage=0.1


Tree=41
num_leaves=7
num_cat=0
split_feature=1 1 1 0 1 0
split_gain=0.489435 1.78127 1.49095 1.45118 1.02996 0.382824
threshold=-0.27029012979006356 -0.14357657938411775 -0.67132369900725941 0.9605802541664481 -1.0124010052872723 -1.0000000180025095e-35
decision_type=2 2 2 2 2 2
left_child=2 -2 4 -3 -1 -4
right_child=1 3 5 -5 -6 -7
leaf_value=-0.014395706712003038 0.074232152264647397 0.01350906955707569 -0.020052652355685797 -0.043127910337751089 0.042657494515173019 -0.061041572483229049
leaf_weight=7.155005544424057 3.6176636815071133 17.512659340165559 4.2582670003175735 6.0996757298707953 5.6729369312524813 4.9012135267257673
leaf_count=62 18 153 22 42 33 20
internal_value=0 0.00888948 -0.0111689 -0.00112172 0.0108351 -0.0419857
internal_weight=0 27.23 21.9874 23.6123 12.8279 9.15948
internal_count=350 213 137 195 95 42
shrinkage=0.1


Tree=42
num_leaves=8
num_cat=0
split_feature=0 1 1 1 1 1 1
split_gain=0.578678 2.37037 1.24858 0.842257 0.753097 0.708753 0.524938
threshold=0.26291607625182373 0.45913759995080461 0.45913759995080461 -0.60360409555714412 0.98269292151865761 0.10282348516398961 0.6373667533439441
decision_type=2 2 2 2 2 2 2
left_child=1 3 5 -1 -3 -2 -4
right_child=2 4 6 -5 -6 -7 -8
leaf_value=-0.01641418113267375 0.010656664895556289 -0.11139858703276945 0.074138240795699514 0.026451807673937879 -0.012186872040427947 -0.029693833506150364 0.022372558840782149
leaf_weight=10.210043735802177 11.503173060715204 2.7489401716738935 3.1588189825415594 8.3180716261267662 1.060196593403816 7.0033154487609854 5.1572315022349358
leaf_count=65 71 56 20 40 19 30 49
internal_value=0 -0.0119401 0.00984992 0.00283021 -0.083785 -0.00461297 0.0420355
internal_weight=0 22.3373 26.8225 18.5281 3.80914 18.5065 8.31605
internal_count=350 180 170 105 75 101 69
shrinkage=0.1


Tree=43
num_leaves=8
num_cat=0
split_feature=0 1 0 1 1 1 0
split_gain=0.487303 1.35398 1.01279 0.90943 0.81037 1.16546 0.520726
threshold=0.3049017555387637 0.51072454691801095 0.17502052328347792 1.1293921400811677 0.30372718005817378 0.068596835785779145 0.55882880213823261
decision_type=2 2 2 2 2 2 2
left_child=1 2 -1 -3 5 -2 -6
right_child=4 3 -4 -5 6 -7 -8
leaf_value=0.0096351355286031382 0.0099718760506518206 -0.10707661628174454 -0.046493376813003445 0.016904673613067654 0.058725413761540092 -0.057560174175879858 0.013820309988278469
leaf_weight=16.561546966433532 10.289981909096243 2.1731625022366639 3.9891136139631262 0.81296844407916058 3.9345387220382673 3.3998755663633338 7.5141629278659821
leaf_count=97 66 56 18 15 18 14 66
internal_value=0 -0.0104027 -0.00126004 -0.0733229 0.00961942 -0.00679971 0.0292527
internal_weight=0 23.5368 20.5507 2.98613 25.1386 13.6899 11.4487
internal_count=350 186 115 71 164 80 84
shrinkage=0.1


Tree=44
num_leaves=7
num_cat=0
split_feature=0 1 0 0 1 1
split_gain=0.475599 0.79469 1.22147 0.767732 1.03567 0.424981
threshold=-0.018434519988850314 0.67860324352889134 1.1452627790694738 -0.19742320190941884 -0.3612638470103286 1.1786207902933274
decision_type=2 2 2 2 2 2
left_child=3 2 -2 4 -1 -3
right_child=1 5 -4 -5 -6 -7
leaf_value=0.017619716562777405 0.011077993202386881 0.074512630606143312 -0.043838592973956376 -0.058707356838500716 -0.037961654398229308 0.011921350427545175
leaf_weight=8.7926155775785446 21.713262215256698 2.4436312764883033 4.9789189323782912 3.0713896676897994 5.4183932291343817 1.9507645294070242
leaf_count=60 113 26 36 18 78 19
internal_value=0 0.00732174 0.000834348 -0.0133709 -0.00357243 0.046727
internal_weight=0 31.0866 26.6922 17.2824 14.211 4.3944
internal_count=350 194 149 156 138 45
shrinkage=0.1


Tree=45
num_leaves=5
num_cat=0
split_feature=0 1 0 1
split_gain=0.474052 1.10535 0.894067 0.282828
threshold=1.301073320585356 -1.3794994080722998 0.9605802541664481 -0.14357657938411775
decision_type=2 2 2 2
left_child=1 -1 -3 -2
right_child=3 2 -4 -5
leaf_value=0.055516025445069783 0.0049653918202589966 -0.0023340082420495742 -0.048247318895321398 0.051495070762007746
leaf_weight=2.9553363546729079 2.5948382988572121 35.269990280270576 4.820963390171527 2.630843184888362
leaf_count=24 23 255 27 21
internal_value=0 -0.00350438 -0.00785511 0.0283905
internal_weight=0 43.0463 40.091 5.22568
internal_count=350 306 282 44
shrinkage=0.1


Tree=46
num_leaves=5
num_cat=0
split_feature=0 1 0 0
split_gain=0.493607 1.57795 0.657626 2.06996
threshold=-1.4020849564734437 -0.71835560174938939 -1.0508621150599391 -0.59028774871126011
decision_type=2 2 2 2
left_child=1 -1 -2 -4
right_child=2 -3 3 -5
leaf_value=-0.10945827478382848 0.042413204692214344 0.038393429618087199 -0.084583519198640891 0.0048442486694591372
leaf_weight=1.5376841053366663 3.7864671088755122 1.3605044372379769 2.773160181939601 38.831074584275484
leaf_count=20 24 22 42 242
internal_value=0 -0.0400519 0.00251461 -0.00111662
internal_weight=0 2.89819 45.3907 41.6042
internal_count=350 42 308 284
shrinkage=0.1


Tree=47
num_leaves=4
num_cat=0
split_feature=1 0 1
split_gain=0.556145 1.16763 0.669893
threshold=-1.792487079625654 1.4644856158824948 -0.27029012979006356
decision_type=2 2 2
left_child=-1 2 -2
right_child=1 -3 -4
leaf_value=0.0566686648968516 -0.020632964324277303 0.056575251893363238 0.0044934788267449264
leaf_weight=1.6676366254687298 18.733027040958401 3.1593993082642546 24.47201923374087
leaf_count=14 109 29 198
internal_value=0 -0.00210958 -0.00640095
internal_weight=0 46.3644 43.205
internal_count=350 336 307
shrinkage=0.1


Tree=48
num_leaves=5
num_cat=0
split_feature=0 0 0 1
split_gain=0.403645 0.578544 1.76975 0.0483938
threshold=-1.4020849564734437 -1.0508621150599391 -0.59028774871126011 -0.5220779785220564
decision_type=2 2 2 2
left_child=3 -2 -3 -1
right_child=1 2 -4 -5
leaf_value=-0.048097164859282351 0.039487102684680107 -0.080921946313963267 0.0041698748401272087 -0.021393792401242343
leaf_weight=1.6267012320458891 3.8153258189558974 2.6093423319980493 38.620775315910578 1.1645078808069218
leaf_count=22 24 42 242 20
internal_value=0 0.00223212 -0.00121536 -0.0369564
internal_weight=0 45.0454 41.2301 2.79121
internal_count=350 308 284 42
shrinkage=0.1


Tree=49
num_leaves=7
num_cat=0
split_feature=1 1 1 0 1 0
split_gain=0.351553 1.57519 1.34663 1.21315 0.944397 0.275736
threshold=-0.27029012979006356 -0.14357657938411775 -0.67132369900725941 0.9605802541664481 -0.79947470564338297 -1.0000000180025095e-35
decision_type=2 2 2 2 2 2
left_child=2 -2 4 -3 -1 -4
right_child=1 3 5 -5 -6 -7
leaf_value=-0.0028513782740329915 0.070437477132807416 0.012086455531068872 -0.020002523651562534 -0.040284235405002471 0.063460504022078201 -0.054870761645503807
leaf_weight=9.6403489597141725 3.4734818041324642 16.569933145307008 4.2299396693706512 6.0339427962899199 2.7633057981729534 4.8895737975835782
leaf_count=80 18 153 22 42 15 20
internal_value=0 0.0077409 -0.00952609 -0.00189353 0.0119217 -0.0386977
internal_weight=0 26.0774 21.5232 22.6039 12.4037 9.11951
internal_count=350 213 137 195 95 42
shrinkage=0.1


Tree=50
num_leaves=7
num_cat=0
split_feature=0 0 1 1 1 0
split_gain=0.36841 2.16993 2.04326 1.88349 3.11295 0.421982
threshold=0.70332266727979009 0.9605802541664481 0.10282348516398961 0.50430757924801062 1.0000000180025095e-35 0.49556065790815479
decision_type=2 2 2 2 2 2
left_child=3 -2 -3 4 -1 -5
right_child=1 2 -4 5 -6 -7
leaf_value=-0.017268033569333225 0.089971528453046873 0.038312908196338945 -0.052424921096390568 -0.079903385916328853 0.053124594958891838 -0.016840449329183018
leaf_weight=20.516465168446306 2.9335008263587943 4.870886988937853 5.0594210028648376 3.6181439077481619 9.0549856722354871 1.5013717412948606
leaf_count=119 30 35 36 75 42 13
internal_value=0 0.0144055 -0.00791737 -0.00540839 0.00428668 -0.0614093
internal_weight=0 12.8638 9.93031 34.691 29.5715 5.11952
internal_count=350 101 71 249 161 88
shrinkage=0.1


Tree=51
num_leaves=5
num_cat=0
split_feature=1 0 0 0
split_gain=0.384354 2.00413 0.876074 1.33638
threshold=0.9448158253735327 1.1452627790694738 1.1452627790694738 0.70332266727979009
decision_type=2 2 2 2
left_child=2 -2 3 -1
right_child=1 -3 -4 -5
leaf_value=-0.0047732944801165255 -0.03067168492865481 0.1148877611113369 -0.042253531470995524 0.05114317699971728
leaf_weight=33.354551280848682 2.2663251310586925 1.6235104650259016 4.9657641425728789 4.9023665711283675
leaf_count=229 32 16 37 36
internal_value=0 0.0300808 -0.00273721 0.00239203
internal_weight=0 3.88984 43.2227 38.2569
internal_count=350 48 302 265
shrinkage=0.1


Tree=52
num_leaves=5
num_cat=0
split_feature=1 0 0 0
split_gain=0.325714 1.78385 0.69293 1.10597
threshold=0.9448158253735327 1.1452627790694738 1.1452627790694738 0.70332266727979009
decision_type=2 2 2 2
left_child=2 -2 3 -1
right_child=1 -3 -4 -5
leaf_value=-0.0042960173285400373 -0.027598812369705201 0.11330498703463542 -0.037168533720137169 0.047024758649378662
leaf_weight=33.354156826622784 2.2667781859636302 1.4884795621037481 5.0744396597146979 4.8038887754082671
leaf_count=229 32 16 37 36
internal_value=0 0.0282515 -0.00245181 0.00216499
internal_weight=0 3.75526 43.2325 38.158
internal_count=350 48 302 265
shrinkage=0.1


Tree=53
num_leaves=4
num_cat=0
split_feature=0 1 1
split_gain=0.343334 1.02977 0.528706
threshold=1.4644856158824948 -1.3388691655300597 -0.96977944214643019
decision_type=2 2 2
left_child=1 -1 -3
right_child=-2 2 -4
leaf_value=0.053343286082077425 0.030781416747253112 -0.044858760109447893 -0.0031866001667639277
leaf_weight=3.0838881060481063 3.3687344193458548 3.3167424127459517 37.097935495898128
leaf_count=28 32 28 262
internal_value=0 -0.00235632 -0.00660654
internal_weight=0 43.4986 40.4147
internal_count=350 318 290
shrinkage=0.1


Tree=54
num_leaves=4
num_cat=0
split_feature=0 1 0
split_gain=0.28429 0.974048 0.49168
threshold=1.4644856158824948 -1.3794994080722998 1.1290208376015105
decision_type=2 2 2
left_child=1 -1 -3
right_child=-2 2 -4
leaf_value=0.053999172289141174 0.028330196272814669 -0.0026750125613724807 -0.04133972842143098
leaf_weight=2.8874874226748934 3.2980355098843566 37.027248812839389 3.6095342412590972
leaf_count=25 32 270 23
internal_value=0 -0.00212166 -0.00610938
internal_weight=0 43.5243 40.6368
internal_count=350 318 293
shrinkage=0.1


Tree=55
num_leaves=6
num_cat=0
split_feature=1 0 1 0 0
split_gain=0.300995 1.58813 0.685816 3.0211 0.496147
threshold=0.9448158253735327 1.1452627790694738 0.62662862799931329 0.58972668480788537 0.53332486693625203
decision_type=2 2 2 2 2
left_child=2 -2 4 -4 -1
right_child=1 -3 3 -5 -6
leaf_value=0.0084511278878454162 -0.02368491165086933 0.1124120345353149 -0.15339145730635892 0.048668232614344928 -0.015692608389120812
leaf_weight=28.006197653710842 2.2756196595728393 1.3757747523486612 1.4285855712369078 1.5350675433874128 12.227498479187487
leaf_count=158 32 16 44 19 81
internal_value=0 0.0275938 -0.00230619 -0.0487317 0.00111356
internal_weight=0 3.65139 43.1973 2.96365 40.2337
internal_count=350 48 302 63 239
shrinkage=0.1


Tree=56
num_leaves=6
num_cat=0
split_feature=1 1 0 1 0
split_gain=0.280346 1.37357 1.12081 2.61389 1.11849
threshold=-0.27029012979006356 -0.14357657938411775 0.60152382018415074 -0.67132369900725941 0.60152382018415074
decision_type=2 2 2 2 2
left_child=2 -2 3 -1 -3
right_child=1 4 -4 -5 -6
leaf_value=0.013395854341379618 0.066222326501113149 0.016825853245912171 0.035096830525095608 -0.066572817963058459 -0.02914713682148469
leaf_weight=9.6555937826633489 3.4059070497751263 12.889564165845515 4.6376534923911086 7.0878110155463228 8.978279095143078
leaf_count=65 18 122 38 34 73
internal_value=0 0.00715105 -0.00840668 -0.0204565 -0.00204927
internal_weight=0 25.2738 21.3811 16.7434 21.8678
internal_count=350 213 137 99 195
shrinkage=0.1


Tree=57
num_leaves=5
num_cat=0
split_feature=1 1 0 0
split_gain=0.284 1.5394 0.610886 0.942674
threshold=0.9448158253735327 1.2387773357625294 1.1452627790694738 0.70332266727979009
decision_type=2 2 2 2
left_child=2 -2 3 -1
right_child=1 -3 -4 -5
leaf_value=-0.0038162151118166163 0.092167924435111417 -0.038462710171830394 -0.03487446125891857 0.044065020173601865
leaf_weight=33.171868364326656 1.8073990456759923 1.8010592348873613 5.0604576095938674 4.6935770846903315
leaf_count=229 24 24 37 36
internal_value=0 0.0269674 -0.00224222 0.00211886
internal_weight=0 3.60846 42.9259 37.8654
internal_count=350 48 302 265
shrinkage=0.1


Tree=58
num_leaves=6
num_cat=0
split_feature=0 1 0 1 1
split_gain=0.315789 0.813994 2.52767 0.751999 0.578787
threshold=1.301073320585356 -0.67132369900725941 -0.018434519988850314 -0.42149854991797558 -0.15769996658179106
decision_type=2 2 2 2 2
left_child=1 2 -1 -3 -2
right_child=4 3 -4 -5 -6
leaf_value=-0.0096312672222234122 -0.012886060710214815 -0.044572252074125678 0.098710277382276418 -0.0037613865745903564 0.055792612019043446
leaf_weight=7.5842158496379852 2.287791408598423 5.4849276989698401 3.0073122754693014 25.534882660023872 2.6466531306505194
leaf_count=53 22 26 23 204 22
internal_value=0 -0.00280489 0.0211308 -0.0109776 0.0239506
internal_weight=0 41.6113 10.5915 31.0198 4.93444
internal_count=350 306 76 230 44
shrinkage=0.1


Tree=59
num_leaves=5
num_cat=0
split_feature=0 1 0 0
split_gain=0.284866 1.65349 1.27338 1.43012
threshold=-1.4020849564734437 -0.71835560174938939 -1.1717922908989917 -0.59028774871126011
decision_type=2 2 2 2
left_child=1 -1 -2 -4
right_child=2 -3 3 -5
leaf_value=-0.10837741974770342 0.068260688964026692 0.050500660195614347 -0.064333050917751253 0.0032166604368665899
leaf_weight=1.3617603965103628 2.7174853049218646 1.2622170895338047 3.4200472757220259 37.499150320887566
leaf_count=20 15 22 51 242
internal_value=0 -0.031952 0.00197305 -0.00242918
internal_weight=0 2.62398 43.6367 40.9192
internal_count=350 42 308 293
shrinkage=0.1


Tree=60
num_leaves=5
num_cat=0
split_feature=0 0 0 1
split_gain=0.253456 0.772468 1.60083 0.489764
threshold=1.301073320585356 0.9605802541664481 0.70332266727979009 -0.15769996658179106
decision_type=2 2 2 2
left_child=1 2 -1 -2
right_child=3 -3 -4 -5
leaf_value=-0.0031852286272604901 -0.011834535165508482 -0.039800565441515612 0.080112237331583569 0.051736493112513215
leaf_weight=33.805978829041123 2.3035014569759369 4.900200940668582 2.4761740975081912 2.5573792420327655
leaf_count=249 22 27 30 22
internal_value=0 -0.00253358 0.00249963 0.0216111
internal_weight=0 41.1824 36.2822 4.86088
internal_count=350 306 279 44
shrinkage=0.1


Tree=61
num_leaves=5
num_cat=0
split_feature=0 0 0 1
split_gain=0.236661 1.03476 1.20132 0.0955266
threshold=-1.4020849564734437 -1.1717922908989917 -0.59028774871126011 -0.31364603743338909
decision_type=2 2 2 2
left_child=3 -2 -3 -1
right_child=1 2 -4 -5
leaf_value=-0.04497567355404828 0.061290357131056267 -0.06033301039840519 0.0028560415192550024 -0.0052808823897723851
leaf_weight=1.5610205456614497 2.736936703324317 3.2723493212833992 37.340194955468178 0.9912203848361959
leaf_count=23 15 51 242 19
internal_value=0 0.00177539 -0.00223541 -0.0295593
internal_weight=0 43.3495 40.6125 2.55224
internal_count=350 308 293 42
shrinkage=0.1


Tree=62
num_leaves=4
num_cat=0
split_feature=0 1 0
split_gain=0.216307 0.758785 0.556605
threshold=1.4644856158824948 -1.3247822981887127 1.1290208376015105
decision_type=2 2 2
left_child=1 -1 -3
right_child=-2 2 -4
leaf_value=0.045614449915857926 0.025075047112780809 -0.0019448183231360061 -0.043970621986517147
leaf_weight=3.1180938705801955 3.2035328820347777 35.920065783429891 3.4545743092894545
leaf_count=31 32 265 22
internal_value=0 -0.00187156 -0.005632
internal_weight=0 42.4927 39.3746
internal_count=350 318 287
shrinkage=0.1


Tree=63
num_leaves=6
num_cat=0
split_feature=1 0 1 0 0
split_gain=0.197616 1.57619 0.633939 5.33058 1.01666
threshold=0.9448158253735327 1.1452627790694738 0.55861835633543722 0.57066820941518892 0.58972668480788537
decision_type=2 2 2 2 2
left_child=2 -2 4 -4 -1
right_child=1 -3 3 -5 -6
leaf_value=0.011989483683250613 -0.026006814621954779 0.11190644247658571 -0.15787842425834436 0.06926644795916144 -0.025065337591925203
leaf_weight=27.858057856559753 2.3621301651000972 1.2765491865575311 1.9751507937908162 2.1663241982460022 10.084683757275341
leaf_count=157 32 16 53 25 67
internal_value=0 0.022377 -0.00191408 -0.0390634 0.0021408
internal_weight=0 3.63868 42.0842 4.14147 37.9427
internal_count=350 48 302 78 224
shrinkage=0.1


Tree=64
num_leaves=6
num_cat=0
split_feature=1 1 0 0 1
split_gain=0.202144 1.23644 1.18207 0.971856 2.06223
threshold=-0.27029012979006356 -0.14357657938411775 0.60152382018415074 0.60152382018415074 -0.67132369900725941
decision_type=2 2 2 2 2
left_child=3 -2 -3 4 -1
right_child=1 2 -4 -5 -6
leaf_value=0.012090980706354964 0.063142715623630982 0.016752286795125661 -0.030987417312043793 0.033698980609694999 -0.060137078206769085
leaf_weight=9.2574446909129655 3.2957402020692852 12.772343609947713 8.7329175621271116 4.5214143879711619 6.8988365381956109
leaf_count=65 18 122 73 38 34
internal_value=0 0.00610691 -0.00263399 -0.00728211 -0.0187509
internal_weight=0 24.801 21.5053 20.6777 16.1563
internal_count=350 213 195 137 99
shrinkage=0.1


Tree=65
num_leaves=5
num_cat=0
split_feature=1 0 0 0
split_gain=0.221256 0.980113 0.870422 0.675194
threshold=-1.0124010052872723 1.4258310034224133 -1.0508621150599391 -1.0013789211377913
decision_type=2 2 2 2
left_child=3 2 -2 -1
right_child=1 -3 -4 -5
leaf_value=-0.058250651018594606 0.042530853012027824 0.059750353185844755 -0.0070277466448511496 0.0085039453211188509
leaf_weight=2.4647341631352901 3.982678558677434 2.8091787025332442 32.173933751415461 3.9329683668911448
leaf_count=26 42 25 221 36
internal_value=0 0.00285188 -0.00156883 -0.0172135
internal_weight=0 38.9658 36.1566 6.3977
internal_count=350 288 263 62
shrinkage=0.1


Tree=66
num_leaves=7
num_cat=0
split_feature=1 1 1 0 0 0
split_gain=0.209708 2.98239 1.68108 1.30431 3.45192 2.53776
threshold=1.0000000180025095e-35 0.10282348516398961 0.26728692519234376 0.60152382018415074 0.22918122467270749 1.1452627790694738
decision_type=2 2 2 2 2 2
left_child=3 -2 -3 4 -1 -5
right_child=1 2 -4 5 -6 -7
leaf_value=0.0036334677688718169 0.10878419817445073 -0.075976849427991003 0.006706065663933846 0.11247386913796967 -0.099579566934858019 -0.021912715903384557
leaf_weight=14.963427279144531 2.5461550652980831 2.9426691085100201 14.96049048239365 2.4580669663846484 4.1360025741159907 3.2806468680500984
leaf_count=94 12 12 165 18 21 28
internal_value=0 0.00751775 -0.00688419 -0.00615633 -0.0187174 0.0356492
internal_weight=0 20.4493 17.9032 24.8381 19.0994 5.73871
internal_count=350 189 177 161 115 46
shrinkage=0.1


Tree=67
num_leaves=5
num_cat=0
split_feature=1 0 1 0
split_gain=0.192234 0.832364 1.08044 0.566946
threshold=-1.0124010052872723 1.301073320585356 -0.67132369900725941 -1.0013789211377913
decision_type=2 2 2 2
left_child=3 2 -2 -1
right_child=1 -3 -4 -5
leaf_value=-0.054533517374812795 0.043187197006408468 0.047396177502776166 -0.0089206525956573562 0.0072787564575844997
leaf_weight=2.3896561414003372 4.5765728950500479 3.7589443139731875 30.484981760382652 3.9146865978837004
leaf_count=26 24 34 230 36
internal_value=0 0.00267547 -0.00211903 -0.0161511
internal_weight=0 38.8205 35.0616 6.30434
internal_count=350 288 254 62
shrinkage=0.1


Tree=68
num_leaves=7
num_cat=0
split_feature=1 1 1 0 0 0
split_gain=0.193779 2.51886 1.36114 1.00283 3.81064 2.28786
threshold=1.0000000180025095e-35 0.10282348516398961 0.26728692519234376 0.60152382018415074 0.24731436400927823 1.1452627790694738
decision_type=2 2 2 2 2 2
left_child=3 -2 -3 4 -1 -5
right_child=1 2 -4 5 -6 -7
leaf_value=0.0050235345170124221 0.10256042190895032 -0.067835060400182168 0.0065264787650249761 0.10651378868070434 -0.10841435930676456 -0.02297969402523176
leaf_weight=15.331097476184373 2.4408142268657711 2.9478984326124218 14.919315958395599 2.347292121499776 3.6702155098319045 3.2582483217120171
leaf_count=96 12 12 165 18 19 28
internal_value=0 0.0072745 -0.00574238 -0.00592284 -0.0168877 0.0312451
internal_weight=0 20.308 17.8672 24.6069 19.0013 5.60554
internal_count=350 189 177 161 115 46
shrinkage=0.1


Tree=69
num_leaves=5
num_cat=0
split_feature=0 0 0 1
split_gain=0.200939 0.753535 1.04077 0.0669304
threshold=-1.4020849564734437 -1.1717922908989917 -0.59028774871126011 -0.31364603743338909
decision_type=2 2 2 2
left_child=3 -2 -3 -1
right_child=1 2 -4 -5
leaf_value=-0.041121301102662988 0.052574701939074819 -0.057056573231111379 0.002953970145796422 -0.0077625861499096786
leaf_weight=1.4763661436736586 2.7231445722281924 3.1392237753607324 36.403670392930508 1.0149302445352066
leaf_count=23 15 51 242 19
internal_value=0 0.00169381 -0.00181014 -0.0275313
internal_weight=0 42.266 39.5429 2.4913
internal_count=350 308 293 42
shrinkage=0.1


Tree=70
num_leaves=7
num_cat=0
split_feature=0 1 1 1 1 1
split_gain=0.179932 0.852573 2.07688 0.566124 2.21124 1.27094
threshold=0.91306089716133665 0.10282348516398961 0.98269292151865761 1.0000000180025095e-35 0.30372718005817378 -0.67132369900725941
decision_type=2 2 2 2 2 2
left_child=3 -2 -3 5 -5 -1
right_child=1 2 -4 4 -6 -7
leaf_value=0.018575904990363736 0.017482387905898771 -0.10002532232410517 0.028685886188973456 0.087084028076495873 -0.003605628658889885 -0.032020550579510795
leaf_weight=9.6312033049762267 5.0151960328221303 2.7216544300317764 2.3242720700800419 3.5508527904748908 11.071411522105334 10.246257074177263
leaf_count=75 37 14 26 16 130 52
internal_value=0 -0.0117167 -0.0407379 0.00348179 0.0184173 -0.00750511
internal_weight=0 10.0611 5.04593 34.4997 14.6223 19.8775
internal_count=350 77 40 273 146 127
shrinkage=0.1


Tree=71
num_leaves=6
num_cat=0
split_feature=1 0 0 1 0
split_gain=0.176812 1.49844 0.589387 0.530785 0.277022
threshold=-0.96977944214643019 1.301073320585356 0.91306089716133665 -1.5198754737296263 -0.037648253883108877
decision_type=2 2 2 2 2
left_child=3 2 -2 -1 -5
right_child=1 -3 -4 4 -6
leaf_value=0.020324099450048566 0.0022339516383151261 0.067645105610652595 -0.033881509954336364 -0.011427997399305816 -0.062951213064530373
leaf_weight=2.6409465670585632 28.959195432253182 3.2497570700943461 5.3541536703705779 2.1059518419206142 2.0685421228408805
leaf_count=26 220 30 32 23 19
internal_value=0 0.00274516 -0.0034014 -0.0147619 -0.0369587
internal_weight=0 37.5631 34.3133 6.81544 4.17449
internal_count=350 282 252 68 42
shrinkage=0.1


Tree=72
num_leaves=8
num_cat=0
split_feature=0 1 0 1 1 0 1
split_gain=0.149482 1.63599 1.35331 0.81192 0.702281 0.776307 0.567101
threshold=0.26291607625182373 0.45913759995080461 -2.0671635491525522 -0.60360409555714412 0.45913759995080461 0.58972668480788537 0.6373667533439441
decision_type=2 2 2 2 2 2 2
left_child=1 3 -3 -1 5 -2 -6
right_child=4 2 -4 -5 6 -7 -8
leaf_value=-0.014434734461869662 0.016811541086156356 0.056154461007413552 -0.11047542404491378 0.029368218045642516 0.065405738080206804 -0.025884340270064022 0.0084685602071229611
leaf_weight=9.2912163585424459 8.0579305589199119 0.61753410845994983 2.3130603418685487 7.7707479074597368 2.9236690178513518 9.0317522920668107 4.3550999313592911
leaf_count=65 39 12 63 40 20 62 49
internal_value=0 -0.00634047 -0.0753632 0.005515 0.00532621 -0.00575287 0.0313386
internal_weight=0 19.9926 2.93059 17.062 24.3685 17.0897 7.27877
internal_count=350 180 75 105 170 101 69
shrinkage=0.1


Tree=73
num_leaves=5
num_cat=0
split_feature=1 1 0 0
split_gain=0.131171 1.56922 0.608276 0.650349
threshold=0.90641248799145402 1.2387773357625294 1.1452627790694738 0.70332266727979009
decision_type=2 2 2 2
left_child=2 -2 3 -1
right_child=1 -3 -4 -5
leaf_value=-0.0020029445365068038 0.076373740446520386 -0.054319094233172986 -0.034828342119070974 0.040068804018689154
leaf_weight=31.374149504117668 2.0576038658618923 1.659809961915016 4.8504041209816924 4.1615862622857085
leaf_count=225 30 24 37 34
internal_value=0 0.0180199 -0.00161002 0.00292407
internal_weight=0 3.71741 40.3861 35.5357
internal_count=350 54 296 259
shrinkage=0.1


Tree=74
num_leaves=8
num_cat=0
split_feature=1 0 0 0 1 1 0
split_gain=0.146694 2.5209 1.36938 0.598491 4.7196 3.66506 0.579198
threshold=0.50430757924801062 0.68658020143843568 1.0238201433928285 0.58972668480788537 0.10282348516398961 0.037051253392109081 -1.5465462703632635
decision_type=2 2 2 2 2 2 2
left_child=3 6 -3 5 -5 -1 -2
right_child=1 2 -4 4 -6 -7 -8
leaf_value=-0.011705073184768556 0.0050146636883372534 0.10913408879825398 -0.0062882099121803871 0.030630003315307949 -0.12019099850236442 0.073097806247852101 -0.085351786538530192
leaf_weight=19.375260483473543 0.90035986527800549 1.7974659278988836 2.4007545188069344 6.333742428570984 3.0856193453073502 6.9153292104601851 3.3419014248065633
leaf_count=118 17 26 25 50 14 33 67
internal_value=0 -0.0118067 0.0431298 0.00285202 -0.0187763 0.010601 -0.0661728
internal_weight=0 8.44048 4.19822 35.71 9.41936 26.2906 4.24226
internal_count=350 135 51 215 64 151 84
shrinkage=0.1


Tree=75
num_leaves=5
num_cat=0
split_feature=0 0 0 1
split_gain=0.174802 0.689268 0.816813 0.0475136
threshold=-1.4020849564734437 -1.1717922908989917 -0.59028774871126011 -0.31364603743338909
decision_type=2 2 2 2
left_child=3 -2 -3 -1
right_child=1 2 -4 -5
leaf_value=-0.037789092891648161 0.050524318696609144 -0.052265390204372389 0.0023944745759843563 -0.0095753923726458016
leaf_weight=1.4153012223541739 2.6934884935617438 2.9609757214784613 35.652149345725775 1.0322313234210003
leaf_count=23 15 51 242 19
internal_value=0 0.00161471 -0.00179702 -0.0258901
internal_weight=0 41.3066 38.6131 2.44753
internal_count=350 308 293 42
shrinkage=0.1


Tree=76
num_leaves=6
num_cat=0
split_feature=1 1 1 0 0
split_gain=0.139507 1.87462 1.15888 0.705206 1.78929
threshold=-0.38651768099246248 -0.27029012979006356 -0.14357657938411775 0.46833128472923985 -0.19742320190941884
decision_type=2 2 2 2 2
left_child=3 -2 -3 4 -1
right_child=1 2 -4 -5 -6
leaf_value=0.028879565252868722 -0.089351156705089446 0.060234795132440101 -0.0047499244618760114 0.042562769592693256 -0.045173856126919223
leaf_weight=7.262067388743163 2.3708903044462231 3.1651826798915925 20.632403512950983 4.2228228896856299 5.9247637391090402
leaf_count=58 12 18 195 39 28
internal_value=0 -0.00455472 0.00389333 0.00699704 -0.00439219
internal_weight=0 26.1685 23.7976 17.4097 13.1868
internal_count=350 225 213 125 86
shrinkage=0.1


Tree=77
num_leaves=5
num_cat=0
split_feature=0 0 0 1
split_gain=0.157911 0.572684 0.750901 0.0170078
threshold=-1.4020849564734437 -1.1717922908989917 -0.59028774871126011 -0.5220779785220564
decision_type=2 2 2 2
left_child=3 -2 -3 -1
right_child=1 2 -4 -5
leaf_value=-0.0324315418581127 0.046249918194780013 -0.050526507352937226 0.0023996009187610833 -0.015588139054944239
leaf_weight=1.3191210478544237 2.6757876984775057 2.8996794810518614 35.491078117862344 1.0989277251064766
leaf_count=22 15 51 242 20
internal_value=0 0.0015197 -0.00159794 -0.0247767
internal_weight=0 41.0665 38.3908 2.41805
internal_count=350 308 293 42
shrinkage=0.1


Tree=78
num_leaves=7
num_cat=0
split_feature=1 0 0 0 0 0
split_gain=0.128551 1.22362 1.01978 0.939668 1.06029 0.868438
threshold=-0.3612638470103286 -0.59028774871126011 0.55882880213823261 -0.9408801674338475 0.57066820941518892 -1.7420779215273623
decision_type=2 2 2 2 2 2
left_child=3 5 -3 -1 -5 -2
right_child=1 2 -4 4 -6 -7
leaf_value=0.047408807915352992 0.020790467878485402 0.022856461485638718 -0.01965715863072354 -0.024314178901535168 0.036929009999894263 -0.10360028362690232
leaf_weight=4.2798405513167408 0.78878444433212314 12.136184655129911 10.544507037848232 9.615076079964636 4.0041389502584925 1.9457607436925197
leaf_count=39 15 76 87 51 38 44
internal_value=0 -0.00452748 0.0030914 0.00653601 -0.00630828 -0.0677195
internal_weight=0 25.4152 22.6807 17.8991 13.6192 2.73455
internal_count=350 222 163 128 89 59
shrinkage=0.1


Tree=79
num_leaves=6
num_cat=0
split_feature=1 0 1 1 0
split_gain=0.13963 1.44083 0.618025 0.431656 0.240819
threshold=-0.96977944214643019 1.301073320585356 -0.67132369900725941 -1.5198754737296263 -0.037648253883108877
decision_type=2 2 2 2 2
left_child=3 2 -2 -1 -5
right_child=1 -3 -4 4 -6
leaf_value=0.018822169565517161 0.032083625358151943 0.066870080000678803 -0.0088287603810885181 -0.0087981160026835894 -0.057269238206947883
leaf_weight=2.5747325401753187 4.2267448715865603 3.1716563776135436 29.200743175577372 2.0179760195314884 2.0830579549074164
leaf_count=26 22 30 230 23 19
internal_value=0 0.00245612 -0.00365559 -0.01327 -0.0334183
internal_weight=0 36.5991 33.4275 6.67577 4.10103
internal_count=350 282 252 68 42
shrinkage=0.1


Tree=80
num_leaves=6
num_cat=0
split_feature=0 1 1 1 1
split_gain=0.145011 0.715264 1.411 0.562059 0.584085
threshold=0.91306089716133665 0.71299945967242884 -0.04496776775909777 -1.3794994080722998 1.0000000180025095e-35
decision_type=2 2 2 2 2
left_child=3 2 -2 -1 -5
right_child=1 -3 -4 4 -6
leaf_value=0.048782601012640037 0.012570162846558652 0.035193524892692361 -0.076540523317395706 -0.012986274103195678 0.014605217497172482
leaf_weight=2.499334041029214 4.0288938358426094 2.5164153091609478 3.179007373750208 16.974746420979503 14.000136029440908
leaf_count=24 32 29 16 103 146
internal_value=0 -0.0107069 -0.0267316 0.00316543 -0.000515375
internal_weight=0 9.72432 7.2079 33.4742 30.9749
internal_count=350 77 48 273 249
shrinkage=0.1


Tree=81
num_leaves=5
num_cat=0
split_feature=0 0 0 1
split_gain=0.177791 0.482415 0.620945 0.0268989
threshold=-1.4020849564734437 -1.1717922908989917 -0.59028774871126011 -0.5220779785220564
decision_type=2 2 2 2
left_child=3 -2 -3 -1
right_child=1 2 -4 -5
leaf_value=-0.035445852410635165 0.043012232136596079 -0.046812300750165819 0.0023374823529185183 -0.014358017803997428
leaf_weight=1.3662224635481837 2.6332708597183219 2.7726724543608716 35.243972664698958 1.0854552574455727
leaf_count=22 15 51 242 20
internal_value=0 0.00161993 -0.00124716 -0.0261094
internal_weight=0 40.6499 38.0166 2.45168
internal_count=350 308 293 42
shrinkage=0.1


Tree=82
num_leaves=5
num_cat=0
split_feature=0 0 1 1
split_gain=0.147417 0.3909 0.53784 0.0233093
threshold=-1.4020849564734437 -1.1717922908989917 -0.60360409555714412 -0.5220779785220564
decision_type=2 2 2 2
left_child=3 -2 -3 -1
right_child=1 2 -4 -5
leaf_value=-0.032926779700516981 0.038715513758839075 -0.020575751661745773 0.0061658305970167544 -0.013095561518063565
leaf_weight=1.325852766633034 2.6329679116606703 10.343499964103101 27.562648941064253 1.0718353018164624
leaf_count=22 15 77 216 20
internal_value=0 0.00145682 -0.00113118 -0.0240617
internal_weight=0 40.5391 37.9061 2.39769
internal_count=350 308 293 42
shrinkage=0.1


Tree=83
num_leaves=8
num_cat=0
split_feature=1 0 0 1 0 1 0
split_gain=0.146959 1.01983 0.837145 0.823461 0.710694 1.51368 1.28217
threshold=-0.3612638470103286 -0.59028774871126011 0.55882880213823261 -0.23880923754213354 -0.19742320190941884 -0.74091001030041659 0.57066820941518892
decision_type=2 2 2 2 2 2 2
left_child=4 3 -3 -2 5 -1 -6
right_child=1 2 -4 -5 6 -7 -8
leaf_value=-0.011791192369305464 -0.15089845034092475 0.019916864661493526 -0.018740699163869418 -0.027858918694880559 -0.038126429504670545 0.078357458795154378 0.034530467054766652
leaf_weight=3.9761771708726883 0.76851015910506282 12.082176068797709 10.444314330816267 1.8614772688597465 6.2968569025397283 3.5039607957005527 3.9538746923208237
leaf_count=40 5 76 87 54 30 20 38
internal_value=0 -0.00488623 0.00199344 -0.0638124 0.00700079 0.0304376 -0.0101015
internal_weight=0 25.1565 22.5265 2.62999 17.7309 7.48014 10.2507
internal_count=350 222 163 59 128 60 68
shrinkage=0.1


Tree=84
num_leaves=6
num_cat=0
split_feature=1 0 1 0 0
split_gain=0.133831 1.12392 0.647507 0.619475 0.372247
threshold=-0.67132369900725941 1.301073320585356 -0.96977944214643019 -0.31423507391479449 0.57066820941518892
decision_type=2 2 2 2 2
left_child=2 3 4 -2 -1
right_child=1 -3 -4 -5 -6
leaf_value=0.0044270297347043788 -0.039489316487094035 0.058420985584300922 0.038300952405019184 -0.0020265478142164023 -0.048164742954514617
leaf_weight=4.6880085468292236 5.4319042409770217 2.6990040950477114 4.5805930458009225 23.552391372621063 1.8878038339316843
leaf_count=43 81 25 27 149 25
internal_value=0 -0.00329996 0.00943579 -0.00904739 -0.0106712
internal_weight=0 31.6833 11.1564 28.9843 6.57581
internal_count=350 255 95 230 68
shrinkage=0.1


Tree=85
num_leaves=6
num_cat=0
split_feature=0 1 1 1 1
split_gain=0.14239 0.601537 1.13359 0.541564 0.436401
threshold=0.91306089716133665 0.71299945967242884 -0.04496776775909777 -1.3794994080722998 1.0000000180025095e-35
decision_type=2 2 2 2 2
left_child=3 2 -2 -1 -5
right_child=1 -3 -4 4 -6
leaf_value=0.04829916804928943 0.010158933843008013 0.032226309624445663 -0.069915651337820559 -0.011344332789466645 0.012635081617485298
leaf_weight=2.4576627425849429 3.9932379052042961 2.4363895282149315 3.1725004687905294 16.76634239777923 13.865951837273313
leaf_count=24 32 29 16 103 146
internal_value=0 -0.0106981 -0.0252926 0.00313381 -0.00048986
internal_weight=0 9.60213 7.16574 33.09 30.6323
internal_count=350 77 48 273 249
shrinkage=0.1


Tree=86
num_leaves=7
num_cat=0
split_feature=1 0 0 0 1 1
split_gain=0.14281 2.00387 1.35044 0.563941 0.444227 0.313595
threshold=0.50430757924801062 0.68658020143843568 1.0238201433928285 1.1452627790694738 0.98269292151865761 0.037051253392109081
decision_type=2 2 2 2 2 2
left_child=3 4 -3 5 -2 -1
right_child=1 2 -4 -5 -6 -7
leaf_value=0.00090650864175102156 -0.078589487899259514 0.10821375986115499 -0.010437853740499679 -0.031497743693065232 -0.00062960461430554455 0.023073400606838483
leaf_weight=21.193208919838074 3.1784864319488388 1.6443497128784659 2.3022859692573547 4.2046111039817324 0.94917405396699894 9.1320154666900617
leaf_count=137 65 26 25 34 19 44
internal_value=0 -0.0119494 0.0389979 0.00282314 -0.0606623 0.00758176
internal_weight=0 8.0743 3.94664 34.5298 4.12766 30.3252
internal_count=350 135 51 215 84 181
shrinkage=0.1


Tree=87
num_leaves=6
num_cat=0
split_feature=1 1 1 1 1
split_gain=0.128761 1.08722 1.06525 1.23276 0.4083
threshold=-0.14357657938411775 -0.27029012979006356 0.037051253392109081 0.14293447565241127 -0.43589787373681205
decision_type=2 2 2 2 2
left_child=1 4 -2 -4 -1
right_child=2 -3 3 -5 -6
leaf_value=0.0035809619349514905 -0.070271205357926345 0.06152915112447193 0.082444843762903064 -0.0061901354525628598 -0.033644582106054449
leaf_weight=15.765097873285416 2.2709058374166515 2.9770649597048751 1.7385750263929391 16.103368554729968 3.623697418719531
leaf_count=119 12 18 9 174 18
internal_value=0 0.00526305 -0.00576372 0.00244674 -0.00337636
internal_weight=0 22.3659 20.1128 17.8419 19.3888
internal_count=350 155 195 183 137
shrinkage=0.1


Tree=88
num_leaves=6
num_cat=0
split_feature=1 0 0 1 0
split_gain=0.124533 0.930186 1.12652 0.624962 0.804253
threshold=-0.3612638470103286 1.301073320585356 0.60152382018415074 -0.60360409555714412 -0.018434519988850314
decision_type=2 2 2 2 2
left_child=3 2 -2 4 -1
right_child=1 -3 -4 -5 -6
leaf_value=-0.025225731567213867 0.0036740096176623468 0.053400495651481528 -0.045516633010369643 0.036879113175979458 0.02603047413096117
leaf_weight=7.8105149529874334 15.563079919200396 2.4912538528442374 6.6426544301211825 4.8872542455792418 5.0344640798866758
leaf_count=59 143 24 55 24 45
internal_value=0 -0.00454056 -0.0110409 0.0064437 -0.00513636
internal_weight=0 24.697 22.2057 17.7322 12.845
internal_count=350 222 198 128 104
shrinkage=0.1


Tree=89
num_leaves=7
num_cat=0
split_feature=0 1 0 1 0 1
split_gain=0.111983 0.462872 1.95191 0.8416 0.416992 0.532026
threshold=1.1290208376015105 -0.67132369900725941 -0.018434519988850314 -0.44765164502844085 1.301073320585356 -0.15769996658179106
decision_type=2 2 2 2 2 2
left_child=1 2 -1 -3 -2 -6
right_child=4 3 -4 -5 5 -7
leaf_value=-0.0067219122995121859 -0.049664665731209062 -0.050863041119126366 0.095510106994245642 0.0022725592695697107 -0.030621200131510019 0.040476896805737433
leaf_weight=6.8144144155085087 2.0208939909934989 3.4170451164245597 2.5727019831538183 23.34890603157692 2.0662425011396408 2.1451865024864674
leaf_count=53 12 19 22 200 22 22
internal_value=0 0.00218996 0.0212965 -0.00451094 -0.012324 0.00559422
internal_weight=0 36.1531 9.38712 26.766 6.23232 4.21143
internal_count=350 294 75 219 56 44
shrinkage=0.1


Tree=90
num_leaves=7
num_cat=0
split_feature=1 1 0 1 0 1
split_gain=0.112885 0.802486 0.699429 1.36215 1.22023 0.45071
threshold=-0.3612638470103286 -0.2111261660937491 -0.19742320190941884 -0.74091001030041659 0.57066820941518892 0.10282348516398961
decision_type=2 2 2 2 2 2
left_child=2 -2 3 -1 -4 -3
right_child=1 5 4 -5 -6 -7
leaf_value=-0.010830013029532556 -0.05195323486958945 0.029541835837385073 -0.038692368548678115 0.074869864207667863 0.032804292403289352 -0.0051909206746296455
leaf_weight=3.9464848265051842 3.0899922698736217 4.8039055317640331 6.1603885516524297 3.4990513958036926 3.8972734566777945 16.808171060169116
leaf_count=40 18 27 30 20 38 177
internal_value=0 -0.00428583 0.00621145 0.0294449 -0.0109879 0.00252943
internal_weight=0 24.7021 17.5032 7.44554 10.0577 21.6121
internal_count=350 222 128 60 68 204
shrinkage=0.1


Tree=91
num_leaves=6
num_cat=0
split_feature=0 1 0 1 1
split_gain=0.116799 0.421957 1.72795 0.781412 0.401579
threshold=1.1290208376015105 -0.67132369900725941 -0.018434519988850314 -0.44765164502844085 0.37045563232400353
decision_type=2 2 2 2 2
left_child=1 2 -1 -3 -2
right_child=4 3 -4 -5 -6
leaf_value=-0.0053546466866869515 -0.030211655390570264 -0.048982109947334582 0.09243849218285112 0.0023939251348879635 0.024231818461302988
leaf_weight=6.7969033382833004 4.1931980662047854 3.3914618194103232 2.46103955991566 23.295160053530712 2.0014904998242855
leaf_count=53 34 19 22 200 22
internal_value=0 0.00224639 0.0206417 -0.00413518 -0.0126211
internal_weight=0 35.9446 9.25794 26.6866 6.19469
internal_count=350 294 75 219 56
shrinkage=0.1


Tree=92
num_leaves=5
num_cat=0
split_feature=1 0 1 0
split_gain=0.114042 1.062 0.437663 0.41453
threshold=-0.96977944214643019 1.301073320585356 -0.67132369900725941 -0.037648253883108877
decision_type=2 2 2 2
left_child=3 2 -2 -1
right_child=1 -3 -4 -5
leaf_value=0.011117628853394268 0.027676288526054263 0.060341425187886426 -0.0072533616179297619 -0.039720604496043782
leaf_weight=3.5042433142662048 4.10332978516817 2.894694358110427 28.516536733601242 2.9575708936899892
leaf_count=37 22 30 230 31
internal_value=0 0.00229185 -0.00285948 -0.012151
internal_weight=0 35.5146 32.6199 6.46181
internal_count=350 282 252 68
shrinkage=0.1


Tree=93
num_leaves=7
num_cat=0
split_feature=0 0 1 0 1 0
split_gain=0.123732 0.424176 0.820004 0.289034 0.357193 0.0130167
threshold=1.1290208376015105 0.70332266727979009 0.50430757924801062 1.301073320585356 -0.15769996658179106 1.0040097327017972
decision_type=2 2 2 2 2 2
left_child=1 2 -1 -2 -5 -3
right_child=3 5 -4 4 -6 -7
leaf_value=0.0047312370238419658 -0.043878759827559906 0.025657731560281113 -0.041739233085537793 -0.026395341374130583 0.032443238489918556 0.036292722971586158
leaf_weight=26.732072029262785 2.0330948755145064 2.4932333137840024 4.4258650112897149 2.1244595423340797 2.0059752576053143 2.1375603601336479
leaf_count=161 12 33 88 22 22 12
internal_value=0 0.00232733 -0.00186971 -0.0130129 0.00218004 0.0305668
internal_weight=0 35.7887 31.1579 6.16353 4.13043 4.63079
internal_count=350 294 249 56 44 45
shrinkage=0.1


Tree=94
num_leaves=5
num_cat=0
split_feature=1 1 0 0
split_gain=0.111629 1.61246 0.626548 0.583089
threshold=0.90641248799145402 1.2387773357625294 1.1452627790694738 0.70332266727979009
decision_type=2 2 2 2
left_child=2 -2 3 -1
right_child=1 -3 -4 -5
leaf_value=-0.0014121672715632476 0.080247357467113353 -0.058460729085274998 -0.036007012419003191 0.040156092546172861
leaf_weight=30.083523204782978 1.8522602305747562 1.5306349750608204 4.6196959465742102 3.8008641730993977
leaf_count=225 30 24 37 34
internal_value=0 0.0174871 -0.0014595 0.00325061
internal_weight=0 3.3829 38.5041 33.8844
internal_count=350 54 296 259
shrinkage=0.1


Tree=95
num_leaves=6
num_cat=0
split_feature=1 1 1 1 0
split_gain=0.107898 1.23158 0.975825 0.686361 0.813458
threshold=-0.38651768099246248 -0.27029012979006356 -0.14357657938411775 -0.60360409555714412 -0.9408801674338475
decision_type=2 2 2 2 2
left_child=3 -2 -3 4 -1
right_child=1 2 -4 -5 -6
leaf_value=0.037625471053542116 -0.075134780609243043 0.057072105812591457 -0.0050345111148660075 0.041095463099326379 -0.020439955215459084
leaf_weight=3.2528971694409856 2.223327390849593 2.8962528780102792 19.997920419555154 4.234951324760913 9.3406882602721453
leaf_count=33 12 18 195 21 71
internal_value=0 -0.00407818 0.00282236 0.00626946 -0.00544178
internal_weight=0 25.1175 22.8942 16.8285 12.5936
internal_count=350 225 213 125 104
shrinkage=0.1


Tree=96
num_leaves=5
num_cat=0
split_feature=0 1 0 1
split_gain=0.114177 0.365348 0.493776 0.0184342
threshold=-1.4020849564734437 -1.1234612341210755 1.301073320585356 -0.64606737056875985
decision_type=2 2 2 2
left_child=3 -2 -3 -1
right_child=1 2 -4 -5
leaf_value=-0.029670089751287116 0.030271317147511263 -0.0055930083138173749 0.035139211637436329 -0.011774729479824277
leaf_weight=1.2606786824762823 3.928404612466692 32.453119267476723 3.2766262274235478 1.0593153946101654
leaf_count=21 36 238 34 21
internal_value=0 0.00132496 -0.00185763 -0.021499
internal_weight=0 39.6582 35.7297 2.31999
internal_count=350 308 272 42
shrinkage=0.1


Tree=97
num_leaves=6
num_cat=0
split_feature=1 0 0 1 0
split_gain=0.120045 0.620047 0.47929 1.22999 0.876894
threshold=-1.216135114756139 -1.0013789211377913 -1.0508621150599391 -0.38651768099246248 -0.31423507391479449
decision_type=2 2 2 2 2
left_child=1 -1 3 -2 -4
right_child=2 -3 4 -5 -6
leaf_value=-0.055292571302945542 0.10354391112038526 0.021404266108383811 -0.049063882657152141 -0.012090628058189758 0.0035700107833765123
leaf_weight=2.0540796592831612 1.5641673207283022 2.1651236210018387 3.5344098575878879 2.2331702187657347 30.309997815638781
leaf_count=23 12 24 52 33 206
internal_value=0 -0.0159349 0.00185312 0.0355406 -0.00192661
internal_weight=0 4.2192 37.6417 3.79734 33.8444
internal_count=350 47 303 45 258
shrinkage=0.1


Tree=98
num_leaves=6
num_cat=0
split_feature=0 1 1 1 1
split_gain=0.132869 0.485449 1.05322 0.418053 0.482097
threshold=0.91306089716133665 0.71299945967242884 -0.04496776775909777 -1.3794994080722998 1.0000000180025095e-35
decision_type=2 2 2 2 2
left_child=3 2 -2 -1 -5
right_child=1 -3 -4 4 -6
leaf_value=0.04354781105182489 0.010498674155105071 0.02928129806285917 -0.067111624994221408 -0.011734364254675887 0.013758706978390307
leaf_weight=2.3673336319625369 4.007348570972681 2.3239618707448244 3.1021441221237165 16.263916239142421 13.63878496061079
leaf_count=24 32 29 16 103 146
internal_value=0 -0.0103959 -0.0233657 0.00309567 -0.000106836
internal_weight=0 9.43345 7.10949 32.27 29.9027
internal_count=350 77 48 273 249
shrinkage=0.1


Tree=99
num_leaves=5
num_cat=0
split_feature=1 0 0 0
split_gain=0.135219 0.523385 0.486244 0.492546
threshold=-1.216135114756139 -1.0013789211377913 1.301073320585356 -1.0508621150599391
decision_type=2 2 2 2
left_child=1 -1 3 -2
right_child=2 -3 -4 -5
leaf_value=-0.053599417838111098 0.032185935747780774 0.017458492883489191 0.037985010141260475 -0.0059340006333331611
leaf_weight=2.0172558128833771 3.8173834122717372 2.1321866735815993 3.4024368636310092 30.243674367899075
leaf_count=23 45 24 36 222
internal_value=0 -0.0170864 0.001939 -0.00166172
internal_weight=0 4.14944 37.4635 34.0611
internal_count=350 47 303 267
shrinkage=0.1


end of trees

feature_importances:
Column_1=275
Column_0=260

parameters:
[boosting: gbdt]
[objective: binary]
[metric: binary_logloss]
[tree_learner: serial]
[device_type: cpu]
[data: ]
[valid: ]
[num_iterations: 100]
[learning_rate: 0.1]
[num_leaves: 8]
[num_threads: -1]
[deterministic: 0]
[force_col_wise: 0]
[force_row_wise: 0]
[histogram_pool_size: -1]
[max_depth: 3]
[min_data_in_leaf: 20]
[min_sum_hessian_in_leaf: 0.001]
[bagging_fraction: 1]
[pos_bagging_fraction: 1]
[neg_bagging_fraction: 1]
[bagging_freq: 0]
[bagging_seed: 3]
[feature_fraction: 1]
[feature_fraction_bynode: 1]
[feature_fraction_seed: 2]
[extra_trees: 0]
[extra_seed: 6]
[early_stopping_round: 0]
[first_metric_only: 0]
[max_delta_step: 0]
[lambda_l1: 0]
[lambda_l2: 0]
[min_gain_to_split: 0]
[drop_rate: 0.1]
[max_drop: 50]
[skip_drop: 0.5]
[xgboost_dart_mode: 0]
[uniform_drop: 0]
[drop_seed: 4]
[top_rate: 0.2]
[other_rate: 0.1]
[min_data_per_group: 100]
[max_cat_threshold: 32]
[cat_l2: 10]
[cat_smooth: 10]
[max_cat_to_onehot: 4]
[top_k: 20]
[monotone_constraints: ]
[monotone_constraints_method: basic]
[monotone_penalty: 0]
[feature_contri: ]
[forcedsplits_filename: ]
[refit_decay_rate: 0.9]
[cegb_tradeoff: 1]
[cegb_penalty_split: 0]
[cegb_penalty_feature_lazy: ]
[cegb_penalty_feature_coupled: ]
[path_smooth: 0]
[interaction_constraints: ]
[verbosity: -1]
[saved_feature_importance_type: 0]
[max_bin: 255]
[max_bin_by_feature: ]
[min_data_in_bin: 3]
[bin_construct_sample_cnt: 200000]
[data_random_seed: 1]
[is_enable_sparse: 1]
[enable_bundle: 1]
[use_missing: 1]
[zero_as_missing: 0]
[feature_pre_filter: 1]
[pre_partition: 0]
[two_round: 0]
[header: 0]
[label_column: ]
[weight_column: ]
[group_column: ]
[ignore_column: ]
[categorical_feature: ]
[forcedbins_filename: ]
[objective_seed: 5]
[num_class: 1]
[is_unbalance: 0]
[scale_pos_weight: 1]
[sigmoid: 1]
[boost_from_average: 1]
[reg_sqrt: 0]
[alpha: 0.9]
[fair_c: 1]
[poisson_max_delta_step: 0.7]
[tweedie_variance_power: 1.5]
[lambdarank_truncation_level: 30]
[lambdarank_norm: 1]
[label_gain: ]
[eval_at: ]
[multi_error_top_k: 1]
[auc_mu_weights: ]
[num_machines: 1]
[local_listen_port: 12400]
[time_out: 120]
[machine_list_filename: ]
[machines: ]
[gpu_platform_id: -1]
[gpu_device_id: -1]
[gpu_use_dp: 0]
[num_gpu: 1]

end of parameters

pandas_categorical:null
